<doc id="edoc_wd_1740-01-02" attrs="word">
<head id="hl1">
Aus	w46
<connecteds>
America	w47
</connecteds>
<connecteds>
<g/>
.	w48
<g/>
</connecteds>
</head>
<head id="hl2">
Jamaica	w49
<connecteds>
3	w50
</connecteds>
<connecteds>
<g/>
.	w51
<g/>
</connecteds>
<connecteds>
Oct	w52
</connecteds>
<connecteds>
<g/>
.	w53
<g/>
</connecteds>
</head>
<p id="p4">
EJne	w54
<connecteds>
Spanische	w55
</connecteds>
<connecteds>
Barque	w56
</connecteds>
<connecteds>
von	w57
</connecteds>
<connecteds>
Carthagena	w58
</connecteds>
<connecteds>
<g/>
/	w59
<g/>
</connecteds>
<connecteds>
welche	w60
</connecteds>
<connecteds>
von	w61
</connecteds>
<connecteds>
Re=pressalien	w62
</connecteds>
<connecteds>
<g/>
=	w63
<g/>
</connecteds>
<connecteds>
noch	w64
</connecteds>
<connecteds>
nichts	w65
</connecteds>
<connecteds>
wuste	w66
</connecteds>
<connecteds>
<g/>
/	w67
<g/>
</connecteds>
<connecteds>
ist	w68
</connecteds>
<connecteds>
angehalten	w69
</connecteds>
<connecteds>
worden	w70
</connecteds>
<connecteds>
<g/>
.	w71
<g/>
</connecteds>
<connecteds>
Der	w72
</connecteds>
<connecteds>
Spani=sche	w73
</connecteds>
<connecteds>
<g/>
=	w74
<g/>
</connecteds>
<connecteds>
Silber	w75
</connecteds>
<connecteds>
<g/>
=	w76
<g/>
</connecteds>
<connecteds>
Schatz	w77
</connecteds>
<connecteds>
ist	w78
</connecteds>
<connecteds>
zu	w79
</connecteds>
<connecteds>
Panama	w80
</connecteds>
<connecteds>
an=gelangt	w81
</connecteds>
<connecteds>
<g/>
=	w82
<g/>
</connecteds>
<connecteds>
<g/>
/	w83
<g/>
</connecteds>
<connecteds>
die	w84
</connecteds>
<connecteds>
Gallionen	w85
</connecteds>
<connecteds>
aber	w86
</connecteds>
<connecteds>
seynd	w87
</connecteds>
<connecteds>
aus=geladen	w88
</connecteds>
<connecteds>
<g/>
=	w89
<g/>
</connecteds>
<connecteds>
<g/>
/	w90
<g/>
</connecteds>
<connecteds>
und	w91
</connecteds>
<connecteds>
werden	w92
</connecteds>
<connecteds>
zu	w93
</connecteds>
<connecteds>
Carthagena	w94
</connecteds>
<connecteds>
abgetakelt	w95
</connecteds>
<connecteds>
<g/>
.	w96
<g/>
</connecteds>
<connecteds>
Man	w97
</connecteds>
<connecteds>
hat	w98
</connecteds>
<connecteds>
noch	w99
</connecteds>
<connecteds>
nicht	w100
</connecteds>
<connecteds>
ver=nommen	w101
</connecteds>
<connecteds>
<g/>
=	w102
<g/>
</connecteds>
<connecteds>
<g/>
/	w103
<g/>
</connecteds>
<connecteds>
was	w104
</connecteds>
<connecteds>
der	w105
</connecteds>
<connecteds>
Commandant	w106
</connecteds>
<connecteds>
Browne	w107
</connecteds>
<connecteds>
ausgerichtet	w108
</connecteds>
<connecteds>
hat	w109
</connecteds>
<connecteds>
<g/>
/	w110
<g/>
</connecteds>
<connecteds>
welcher	w111
</connecteds>
<connecteds>
schon	w112
</connecteds>
<connecteds>
vor	w113
</connecteds>
<connecteds>
einigen	w114
</connecteds>
<connecteds>
Wochen	w115
</connecteds>
<connecteds>
mit	w116
</connecteds>
<connecteds>
6	w117
</connecteds>
<connecteds>
<g/>
.	w118
<g/>
</connecteds>
<connecteds>
Kriegs	w119
</connecteds>
<connecteds>
<g/>
=	w120
<g/>
</connecteds>
<connecteds>
Schiffen	w121
</connecteds>
<connecteds>
in	w122
</connecteds>
<connecteds>
See	w123
</connecteds>
<connecteds>
gegangen	w124
</connecteds>
<connecteds>
ist	w125
</connecteds>
<connecteds>
<g/>
.	w126
<g/>
</connecteds>
<connecteds>
Nebst	w127
</connecteds>
<connecteds>
vielen	w128
</connecteds>
<connecteds>
anderen	w129
</connecteds>
<connecteds>
Schiffen	w130
</connecteds>
<connecteds>
ist	w131
</connecteds>
<connecteds>
in=sonderheit	w132
</connecteds>
<connecteds>
<g/>
=	w133
<g/>
</connecteds>
<connecteds>
auch	w134
</connecteds>
<connecteds>
eine	w135
</connecteds>
<connecteds>
Brigantine	w136
</connecteds>
<connecteds>
gegen	w137
</connecteds>
<connecteds>
die	w138
</connecteds>
<connecteds>
Spanier	w139
</connecteds>
<connecteds>
ausgeloffen	w140
</connecteds>
<connecteds>
<g/>
/	w141
<g/>
</connecteds>
<connecteds>
welche	w142
</connecteds>
<connecteds>
mit	w143
</connecteds>
<connecteds>
160	w144
</connecteds>
<connecteds>
<g/>
.	w145
<g/>
</connecteds>
<connecteds>
Personen	w146
</connecteds>
<connecteds>
besetzet	w147
</connecteds>
<connecteds>
ist	w148
</connecteds>
<connecteds>
<g/>
.	w149
<g/>
</connecteds>
<connecteds>
Das	w150
</connecteds>
<connecteds>
Kriegs	w151
</connecteds>
<connecteds>
<g/>
=	w152
<g/>
</connecteds>
<connecteds>
Schif	w153
</connecteds>
<connecteds>
Schernes	w154
</connecteds>
<connecteds>
hat	w155
</connecteds>
<connecteds>
eine	w156
</connecteds>
<connecteds>
Lust	w157
</connecteds>
<connecteds>
<g/>
=	w158
<g/>
</connecteds>
<connecteds>
Jacht	w159
</connecteds>
<connecteds>
<g/>
/	w160
<g/>
</connecteds>
<connecteds>
auf	w161
</connecteds>
<connecteds>
welcher	w162
</connecteds>
<connecteds>
sich	w163
</connecteds>
<connecteds>
ein	w164
</connecteds>
<connecteds>
vorneh=mer	w165
</connecteds>
<connecteds>
<g/>
=	w166
<g/>
</connecteds>
<connecteds>
Herr	w167
</connecteds>
<connecteds>
aus	w168
</connecteds>
<connecteds>
Spanien	w169
</connecteds>
<connecteds>
befunden	w170
</connecteds>
<connecteds>
<g/>
/	w171
<g/>
</connecteds>
<connecteds>
und	w172
</connecteds>
<connecteds>
das	w173
</connecteds>
<connecteds>
Kriegs	w174
</connecteds>
<connecteds>
<g/>
=	w175
<g/>
</connecteds>
<connecteds>
Schif	w176
</connecteds>
<connecteds>
der	w177
</connecteds>
<connecteds>
Drache	w178
</connecteds>
<connecteds>
<g/>
/	w179
<g/>
</connecteds>
<connecteds>
hat	w180
</connecteds>
<connecteds>
eine	w181
</connecteds>
<connecteds>
Spanische	w182
</connecteds>
<connecteds>
Schaluppe	w183
</connecteds>
<connecteds>
mit	w184
</connecteds>
<connecteds>
Taback	w185
</connecteds>
<connecteds>
<g/>
/	w186
<g/>
</connecteds>
<connecteds>
und	w187
</connecteds>
<connecteds>
Zucker	w188
</connecteds>
<connecteds>
genommen	w189
</connecteds>
<connecteds>
<g/>
.	w190
<g/>
</connecteds>
<connecteds>
Die	w191
</connecteds>
<connecteds>
Flotte	w192
</connecteds>
<connecteds>
des	w193
</connecteds>
<connecteds>
Admirals	w194
</connecteds>
<connecteds>
Vernon	w195
</connecteds>
<connecteds>
wird	w196
</connecteds>
<connecteds>
alle	w197
</connecteds>
<connecteds>
Ta=ge	w198
</connecteds>
<connecteds>
<g/>
=	w199
<g/>
</connecteds>
<connecteds>
hieselbst	w200
</connecteds>
<connecteds>
erwartet	w201
</connecteds>
<connecteds>
<g/>
.	w202
<g/>
</connecteds>
<connecteds>
Unser	w203
</connecteds>
<connecteds>
Guber=nator	w204
</connecteds>
<connecteds>
<g/>
=	w205
<g/>
</connecteds>
<connecteds>
<g/>
/	w206
<g/>
</connecteds>
<connecteds>
Hr	w207
</connecteds>
<connecteds>
<g/>
.	w208
<g/>
</connecteds>
<connecteds>
Tretawney	w209
</connecteds>
<connecteds>
<g/>
/	w210
<g/>
</connecteds>
<connecteds>
bemühet	w211
</connecteds>
<connecteds>
sich	w212
</connecteds>
<connecteds>
jetzo	w213
</connecteds>
<connecteds>
<g/>
/	w214
<g/>
</connecteds>
<connecteds>
die	w215
</connecteds>
<connecteds>
Jnsul	w216
</connecteds>
<connecteds>
in	w217
</connecteds>
<connecteds>
guten	w218
</connecteds>
<connecteds>
Stand	w219
</connecteds>
<connecteds>
zu	w220
</connecteds>
<connecteds>
setzen	w221
</connecteds>
<connecteds>
<g/>
/	w222
<g/>
</connecteds>
<connecteds>
da	w223
</connecteds>
<connecteds>
der	w224
</connecteds>
<connecteds>
Aufstand	w225
</connecteds>
<connecteds>
unter	w226
</connecteds>
<connecteds>
denen	w227
</connecteds>
<connecteds>
Schwartzen	w228
</connecteds>
<connecteds>
völlig	w229
</connecteds>
<connecteds>
wieder	w230
</connecteds>
<connecteds>
gestillet	w231
</connecteds>
<connecteds>
ist	w232
</connecteds>
<connecteds>
<g/>
.	w233
<g/>
</connecteds>
</p>
<head id="hl3">
Barbados	w234
<connecteds>
5	w235
</connecteds>
<connecteds>
<g/>
.	w236
<g/>
</connecteds>
<connecteds>
October	w237
</connecteds>
<connecteds>
<g/>
.	w238
<g/>
</connecteds>
</head>
<p id="p5">
Wir	w239
<connecteds>
haben	w240
</connecteds>
<connecteds>
hier	w241
</connecteds>
<connecteds>
Nachricht	w242
</connecteds>
<connecteds>
<g/>
/	w243
<g/>
</connecteds>
<connecteds>
daß	w244
</connecteds>
<connecteds>
die	w245
</connecteds>
<connecteds>
Engländische	w246
</connecteds>
<connecteds>
Kriegs	w247
</connecteds>
<connecteds>
<g/>
=	w248
<g/>
</connecteds>
<connecteds>
Schiffe	w249
</connecteds>
<connecteds>
Wor Worchester	w250
</connecteds>
<connecteds>
<g/>
=	w251
<g/>
</connecteds>
</p>
<p id="p6">
chester	w252
<connecteds>
<g/>
/	w253
<g/>
</connecteds>
<connecteds>
Strafford	w254
</connecteds>
<connecteds>
und	w255
</connecteds>
<connecteds>
Printzessin	w256
</connecteds>
<connecteds>
Louise	w257
</connecteds>
<connecteds>
<g/>
/	w258
<g/>
</connecteds>
<connecteds>
jedes	w259
</connecteds>
<connecteds>
von	w260
</connecteds>
<connecteds>
60	w261
</connecteds>
<connecteds>
<g/>
.	w262
<g/>
</connecteds>
<connecteds>
Stük	w263
</connecteds>
<connecteds>
und	w264
</connecteds>
<connecteds>
400	w265
</connecteds>
<connecteds>
<g/>
.	w266
<g/>
</connecteds>
<connecteds>
Mann	w267
</connecteds>
<connecteds>
<g/>
/	w268
<g/>
</connecteds>
<connecteds>
den	w269
</connecteds>
<connecteds>
30	w270
</connecteds>
<connecteds>
<g/>
.	w271
<g/>
</connecteds>
<connecteds>
September	w272
</connecteds>
<connecteds>
von	w273
</connecteds>
<connecteds>
Ma=dera	w274
</connecteds>
<connecteds>
<g/>
=	w275
<g/>
</connecteds>
<connecteds>
abgesegelt	w276
</connecteds>
<connecteds>
<g/>
/	w277
<g/>
</connecteds>
<connecteds>
und	w278
</connecteds>
<connecteds>
nebst	w279
</connecteds>
<connecteds>
dem	w280
</connecteds>
<connecteds>
von	w281
</connecteds>
<connecteds>
Madera	w282
</connecteds>
<connecteds>
hier	w283
</connecteds>
<connecteds>
angelangten	w284
</connecteds>
<connecteds>
Kriegs	w285
</connecteds>
<connecteds>
<g/>
=	w286
<g/>
</connecteds>
<connecteds>
Schiffe	w287
</connecteds>
<connecteds>
Norwich	w288
</connecteds>
<connecteds>
<g/>
/	w289
<g/>
</connecteds>
<connecteds>
von	w290
</connecteds>
<connecteds>
50	w291
</connecteds>
<connecteds>
<g/>
.	w292
<g/>
</connecteds>
<connecteds>
Stuken	w293
</connecteds>
<connecteds>
und	w294
</connecteds>
<connecteds>
300	w295
</connecteds>
<connecteds>
<g/>
.	w296
<g/>
</connecteds>
<connecteds>
Mann	w297
</connecteds>
<connecteds>
<g/>
/	w298
<g/>
</connecteds>
<connecteds>
wie	w299
</connecteds>
<connecteds>
man	w300
</connecteds>
<connecteds>
sagt	w301
</connecteds>
<connecteds>
<g/>
/	w302
<g/>
</connecteds>
<connecteds>
nach	w303
</connecteds>
<connecteds>
Jamaica	w304
</connecteds>
<connecteds>
sich	w305
</connecteds>
<connecteds>
begeben	w306
</connecteds>
<connecteds>
werden	w307
</connecteds>
<connecteds>
<g/>
.	w308
<g/>
</connecteds>
<connecteds>
Aus	w309
</connecteds>
<connecteds>
hiesigem	w310
</connecteds>
<connecteds>
Hafen	w311
</connecteds>
<connecteds>
ist	w312
</connecteds>
<connecteds>
gleichfalls	w313
</connecteds>
<connecteds>
ein	w314
</connecteds>
<connecteds>
Kriegs	w315
</connecteds>
<connecteds>
<g/>
=	w316
<g/>
</connecteds>
<connecteds>
Schif	w317
</connecteds>
<connecteds>
mit	w318
</connecteds>
<connecteds>
etlichen	w319
</connecteds>
<connecteds>
Commiß=fahrern	w320
</connecteds>
<connecteds>
<g/>
=	w321
<g/>
</connecteds>
<connecteds>
in	w322
</connecteds>
<connecteds>
See	w323
</connecteds>
<connecteds>
gegangen	w324
</connecteds>
<connecteds>
<g/>
/	w325
<g/>
</connecteds>
<connecteds>
um	w326
</connecteds>
<connecteds>
längst	w327
</connecteds>
<connecteds>
denen	w328
</connecteds>
<connecteds>
Küsten	w329
</connecteds>
<connecteds>
von	w330
</connecteds>
<connecteds>
Carthagena	w331
</connecteds>
<connecteds>
<g/>
/	w332
<g/>
</connecteds>
<connecteds>
Por=to	w333
</connecteds>
<connecteds>
<g/>
=	w334
<g/>
</connecteds>
<connecteds>
<g/>
=	w335
<g/>
</connecteds>
<connecteds>
Bello	w336
</connecteds>
<connecteds>
und	w337
</connecteds>
<connecteds>
<g/>
/	w338
<g/>
</connecteds>
<connecteds>
so	w339
</connecteds>
<connecteds>
weiter	w340
</connecteds>
<connecteds>
zu	w341
</connecteds>
<connecteds>
kreutzen	w342
</connecteds>
<connecteds>
<g/>
.	w343
<g/>
</connecteds>
</p>
<head id="hl4">
Aus	w344
<connecteds>
Spanien	w345
</connecteds>
<connecteds>
<g/>
.	w346
<g/>
</connecteds>
</head>
<head id="hl5">
Gibraltar	w347
<connecteds>
6	w348
</connecteds>
<connecteds>
<g/>
.	w349
<g/>
</connecteds>
<connecteds>
Nov	w350
</connecteds>
<connecteds>
<g/>
.	w351
<g/>
</connecteds>
</head>
<p id="p7">
Vor	w352
<connecteds>
einigen	w353
</connecteds>
<connecteds>
Tagen	w354
</connecteds>
<connecteds>
ist	w355
</connecteds>
<connecteds>
der	w356
</connecteds>
<connecteds>
Admi=ral	w357
</connecteds>
<connecteds>
<g/>
=	w358
<g/>
</connecteds>
<connecteds>
Haddock	w359
</connecteds>
<connecteds>
mit	w360
</connecteds>
<connecteds>
dem	w361
</connecteds>
<connecteds>
Kriegs	w362
</connecteds>
<connecteds>
<g/>
=	w363
<g/>
</connecteds>
<connecteds>
Schif	w364
</connecteds>
<connecteds>
Sommerseth	w365
</connecteds>
<connecteds>
<g/>
/	w366
<g/>
</connecteds>
<connecteds>
in	w367
</connecteds>
<connecteds>
Begleitung	w368
</connecteds>
<connecteds>
deren	w369
</connecteds>
<connecteds>
Kriegs	w370
</connecteds>
<connecteds>
<g/>
=	w371
<g/>
</connecteds>
<connecteds>
Schiffe	w372
</connecteds>
<connecteds>
Lancaster	w373
</connecteds>
<connecteds>
<g/>
/	w374
<g/>
</connecteds>
<connecteds>
Edenburg	w375
</connecteds>
<connecteds>
<g/>
/	w376
<g/>
</connecteds>
<connecteds>
Ipswich	w377
</connecteds>
<connecteds>
<g/>
/	w378
<g/>
</connecteds>
<connecteds>
und	w379
</connecteds>
<connecteds>
Plimouth	w380
</connecteds>
<connecteds>
<g/>
/	w381
<g/>
</connecteds>
<connecteds>
der	w382
</connecteds>
<connecteds>
Fre=gatte	w383
</connecteds>
<connecteds>
<g/>
=	w384
<g/>
</connecteds>
<connecteds>
Grampers	w385
</connecteds>
<connecteds>
<g/>
/	w386
<g/>
</connecteds>
<connecteds>
der	w387
</connecteds>
<connecteds>
Bombardier	w388
</connecteds>
<connecteds>
<g/>
=	w389
<g/>
</connecteds>
<connecteds>
Galliote	w390
</connecteds>
<connecteds>
<g/>
/	w391
<g/>
</connecteds>
<connecteds>
Salamander	w392
</connecteds>
<connecteds>
<g/>
/	w393
<g/>
</connecteds>
<connecteds>
und	w394
</connecteds>
<connecteds>
3	w395
</connecteds>
<connecteds>
<g/>
.	w396
<g/>
</connecteds>
<connecteds>
Bran=ders	w397
</connecteds>
<connecteds>
<g/>
=	w398
<g/>
</connecteds>
<connecteds>
<g/>
/	w399
<g/>
</connecteds>
<connecteds>
nemlich	w400
</connecteds>
<connecteds>
Mercur	w401
</connecteds>
<connecteds>
<g/>
/	w402
<g/>
</connecteds>
<connecteds>
Dusket	w403
</connecteds>
<connecteds>
<g/>
/	w404
<g/>
</connecteds>
<connecteds>
und	w405
</connecteds>
<connecteds>
Anna	w406
</connecteds>
<connecteds>
Galei	w407
</connecteds>
<connecteds>
<g/>
/	w408
<g/>
</connecteds>
<connecteds>
in	w409
</connecteds>
<connecteds>
unserm	w410
</connecteds>
<connecteds>
Hafen	w411
</connecteds>
<connecteds>
ein=gelauffen	w412
</connecteds>
<connecteds>
<g/>
=	w413
<g/>
</connecteds>
<connecteds>
<g/>
.	w414
<g/>
</connecteds>
<connecteds>
Jndessen	w415
</connecteds>
<connecteds>
kreutzet	w416
</connecteds>
<connecteds>
der	w417
</connecteds>
<connecteds>
übrige	w418
</connecteds>
<connecteds>
Theil	w419
</connecteds>
<connecteds>
von	w420
</connecteds>
<connecteds>
seinem	w421
</connecteds>
<connecteds>
Geschwader	w422
</connecteds>
<connecteds>
noch	w423
</connecteds>
<connecteds>
im=mer	w424
</connecteds>
<connecteds>
<g/>
=	w425
<g/>
</connecteds>
<connecteds>
bey	w426
</connecteds>
<connecteds>
denen	w427
</connecteds>
<connecteds>
Spanischen	w428
</connecteds>
<connecteds>
Küsten	w429
</connecteds>
<connecteds>
<g/>
.	w430
<g/>
</connecteds>
<connecteds>
Die	w431
</connecteds>
<connecteds>
Kriegs	w432
</connecteds>
<connecteds>
<g/>
=	w433
<g/>
</connecteds>
<connecteds>
Schiffe	w434
</connecteds>
<connecteds>
Augustus	w435
</connecteds>
<connecteds>
<g/>
/	w436
<g/>
</connecteds>
<connecteds>
und	w437
</connecteds>
<connecteds>
Eltham	w438
</connecteds>
<connecteds>
befinden	w439
</connecteds>
<connecteds>
sich	w440
</connecteds>
<connecteds>
in	w441
</connecteds>
<connecteds>
unserm	w442
</connecteds>
<connecteds>
Ha=fen	w443
</connecteds>
<connecteds>
<g/>
=	w444
<g/>
</connecteds>
<connecteds>
<g/>
/	w445
<g/>
</connecteds>
<connecteds>
und	w446
</connecteds>
<connecteds>
wir	w447
</connecteds>
<connecteds>
erwarten	w448
</connecteds>
<connecteds>
noch	w449
</connecteds>
<connecteds>
einige	w450
</connecteds>
<connecteds>
andere	w451
</connecteds>
<connecteds>
Engländische	w452
</connecteds>
<connecteds>
Kriegs	w453
</connecteds>
<connecteds>
<g/>
=	w454
<g/>
</connecteds>
<connecteds>
Schiffe	w455
</connecteds>
<connecteds>
<g/>
.	w456
<g/>
</connecteds>
</p>
<head id="hl6">
Aus	w461
<connecteds>
Jtalien	w462
</connecteds>
<connecteds>
<g/>
.	w463
<g/>
</connecteds>
</head>
<head id="hl7">
Neapel	w464
<connecteds>
8	w465
</connecteds>
<connecteds>
<g/>
.	w466
<g/>
</connecteds>
<connecteds>
Dec	w467
</connecteds>
<connecteds>
<g/>
.	w468
<g/>
</connecteds>
</head>
<p id="p8">
Man	w469
<connecteds>
arbeitet	w470
</connecteds>
<connecteds>
sehr	w471
</connecteds>
<connecteds>
sorgfältig	w472
</connecteds>
<connecteds>
an	w473
</connecteds>
<connecteds>
dem	w474
</connecteds>
<connecteds>
grossen	w475
</connecteds>
<connecteds>
Feuerwerks	w476
</connecteds>
<connecteds>
<g/>
=	w477
<g/>
</connecteds>
<connecteds>
Gerüst	w478
</connecteds>
<connecteds>
<g/>
/	w479
<g/>
</connecteds>
<connecteds>
und	w480
</connecteds>
<connecteds>
an=deren	w481
</connecteds>
<connecteds>
<g/>
=	w482
<g/>
</connecteds>
<connecteds>
Zubereitungen	w483
</connecteds>
<connecteds>
zu	w484
</connecteds>
<connecteds>
künftiger	w485
</connecteds>
<connecteds>
all=gemeinen	w486
</connecteds>
<connecteds>
<g/>
=	w487
<g/>
</connecteds>
<connecteds>
Freuden	w488
</connecteds>
<connecteds>
<g/>
=	w489
<g/>
</connecteds>
<connecteds>
Begehung	w490
</connecteds>
<connecteds>
über	w491
</connecteds>
<connecteds>
die	w492
</connecteds>
<connecteds>
Vermählung	w493
</connecteds>
<connecteds>
des	w494
</connecteds>
<connecteds>
Jnfanten	w495
</connecteds>
<connecteds>
Don	w496
</connecteds>
<connecteds>
Phi=lips	w497
</connecteds>
<connecteds>
<g/>
=	w498
<g/>
</connecteds>
<connecteds>
mit	w499
</connecteds>
<connecteds>
der	w500
</connecteds>
<connecteds>
Königl	w501
</connecteds>
<connecteds>
<g/>
.	w502
<g/>
</connecteds>
<connecteds>
Frantzösischen	w503
</connecteds>
<connecteds>
Printzessin	w504
</connecteds>
<connecteds>
<g/>
/	w505
<g/>
</connecteds>
<connecteds>
welches	w506
</connecteds>
<connecteds>
Festin	w507
</connecteds>
<connecteds>
den	w508
</connecteds>
<connecteds>
14	w509
</connecteds>
<connecteds>
<g/>
.	w510
<g/>
</connecteds>
<connecteds>
<g/>
/	w511
<g/>
</connecteds>
<connecteds>
15	w512
</connecteds>
<connecteds>
<g/>
.	w513
<g/>
</connecteds>
<connecteds>
<g/>
/	w514
<g/>
</connecteds>
<connecteds>
und	w515
</connecteds>
<connecteds>
16	w516
</connecteds>
<connecteds>
<g/>
.	w517
<g/>
</connecteds>
<connecteds>
künftigen	w518
</connecteds>
<connecteds>
Monats	w519
</connecteds>
<connecteds>
alhier	w520
</connecteds>
<connecteds>
begangen	w521
</connecteds>
<connecteds>
werden	w522
</connecteds>
<connecteds>
solle	w523
</connecteds>
<connecteds>
<g/>
.	w524
<g/>
</connecteds>
</p>
<p id="p9">
Der	w525
<connecteds>
Graf	w526
</connecteds>
<connecteds>
von	w527
</connecteds>
<connecteds>
Fuenclara	w528
</connecteds>
<connecteds>
bereitet	w529
</connecteds>
<connecteds>
sich	w530
</connecteds>
<connecteds>
nach	w531
</connecteds>
<connecteds>
erwehnten	w532
</connecteds>
<connecteds>
Festin	w533
</connecteds>
<connecteds>
nacher	w534
</connecteds>
<connecteds>
Mad=rid	w535
</connecteds>
<connecteds>
<g/>
=	w536
<g/>
</connecteds>
<connecteds>
zuruk	w537
</connecteds>
<connecteds>
zu	w538
</connecteds>
<connecteds>
kehren	w539
</connecteds>
<connecteds>
<g/>
/	w540
<g/>
</connecteds>
<connecteds>
um	w541
</connecteds>
<connecteds>
alda	w542
</connecteds>
<connecteds>
die	w543
</connecteds>
<connecteds>
von	w544
</connecteds>
<connecteds>
seinem	w545
</connecteds>
<connecteds>
König	w546
</connecteds>
<connecteds>
bey	w547
</connecteds>
<connecteds>
dem	w548
</connecteds>
<connecteds>
Jnfanten	w549
</connecteds>
<connecteds>
Don	w550
</connecteds>
<connecteds>
Philipp	w551
</connecteds>
<connecteds>
ihme	w552
</connecteds>
<connecteds>
verliehene	w553
</connecteds>
<connecteds>
Obrist	w554
</connecteds>
<connecteds>
<g/>
=	w555
<g/>
</connecteds>
<connecteds>
Hof	w556
</connecteds>
<connecteds>
<g/>
=	w557
<g/>
</connecteds>
<connecteds>
Meisters	w558
</connecteds>
<connecteds>
Würde	w559
</connecteds>
<connecteds>
anzutretten	w560
</connecteds>
<connecteds>
<g/>
.	w561
<g/>
</connecteds>
</p>
<p id="p10">
Donnerstags	w562
<connecteds>
Nach	w563
</connecteds>
<connecteds>
<g/>
=	w564
<g/>
</connecteds>
<connecteds>
mittag	w565
</connecteds>
<connecteds>
verfüg=te	w566
</connecteds>
<connecteds>
<g/>
=	w567
<g/>
</connecteds>
<connecteds>
sich	w568
</connecteds>
<connecteds>
der	w569
</connecteds>
<connecteds>
König	w570
</connecteds>
<connecteds>
an	w571
</connecteds>
<connecteds>
dem	w572
</connecteds>
<connecteds>
See	w573
</connecteds>
<connecteds>
von	w574
</connecteds>
<connecteds>
Ag=nano	w575
</connecteds>
<connecteds>
<g/>
=	w576
<g/>
</connecteds>
<connecteds>
auf	w577
</connecteds>
<connecteds>
die	w578
</connecteds>
<connecteds>
Jagd	w579
</connecteds>
<connecteds>
<g/>
/	w580
<g/>
</connecteds>
<connecteds>
und	w581
</connecteds>
<connecteds>
die	w582
</connecteds>
<connecteds>
Königin	w583
</connecteds>
<connecteds>
wohnete	w584
</connecteds>
<connecteds>
in	w585
</connecteds>
<connecteds>
der	w586
</connecteds>
<connecteds>
Jesuiter	w587
</connecteds>
<connecteds>
<g/>
=	w588
<g/>
</connecteds>
<connecteds>
Kirche	w589
</connecteds>
<connecteds>
der	w590
</connecteds>
<connecteds>
Andacht	w591
</connecteds>
<connecteds>
wegen	w592
</connecteds>
<connecteds>
des	w593
</connecteds>
<connecteds>
Festes	w594
</connecteds>
<connecteds>
des	w595
</connecteds>
<connecteds>
Heil	w596
</connecteds>
<connecteds>
<g/>
.	w597
<g/>
</connecteds>
<connecteds>
Xaverii	w598
</connecteds>
<connecteds>
bey	w599
</connecteds>
<connecteds>
<g/>
.	w600
<g/>
</connecteds>
</p>
<head id="hl8">
Meiland	w601
<connecteds>
9	w602
</connecteds>
<connecteds>
<g/>
.	w603
<g/>
</connecteds>
<connecteds>
Dec	w604
</connecteds>
<connecteds>
<g/>
.	w605
<g/>
</connecteds>
</head>
<p id="p11">
Der	w606
<connecteds>
Kön	w607
</connecteds>
<connecteds>
<g/>
.	w608
<g/>
</connecteds>
<connecteds>
Pohlnisch	w609
</connecteds>
<connecteds>
und	w610
</connecteds>
<connecteds>
Chur	w611
</connecteds>
<connecteds>
<g/>
=	w612
<g/>
</connecteds>
<connecteds>
Säch=sische	w613
</connecteds>
<connecteds>
<g/>
=	w614
<g/>
</connecteds>
<connecteds>
Printz	w615
</connecteds>
<connecteds>
befindet	w616
</connecteds>
<connecteds>
sich	w617
</connecteds>
<connecteds>
noch	w618
</connecteds>
<connecteds>
immer	w619
</connecteds>
<connecteds>
al=hier	w620
</connecteds>
<connecteds>
<g/>
=	w621
<g/>
</connecteds>
<connecteds>
<g/>
/	w622
<g/>
</connecteds>
<connecteds>
und	w623
</connecteds>
<connecteds>
werden	w624
</connecteds>
<connecteds>
demselben	w625
</connecteds>
<connecteds>
sowol	w626
</connecteds>
<connecteds>
von	w627
</connecteds>
<connecteds>
dem	w628
</connecteds>
<connecteds>
Grafen	w629
</connecteds>
<connecteds>
Friederich	w630
</connecteds>
<connecteds>
Borromeo	w631
</connecteds>
<connecteds>
<g/>
/	w632
<g/>
</connecteds>
<connecteds>
als	w633
</connecteds>
<connecteds>
dem	w634
</connecteds>
<connecteds>
gesamt	w635
</connecteds>
<connecteds>
übrig	w636
</connecteds>
<connecteds>
alhiesigen	w637
</connecteds>
<connecteds>
Adel	w638
</connecteds>
<connecteds>
alle	w639
</connecteds>
<connecteds>
erdenkliche	w640
</connecteds>
<connecteds>
Ehren	w641
</connecteds>
<connecteds>
<g/>
=	w642
<g/>
</connecteds>
<connecteds>
Bezeugungen	w643
</connecteds>
<connecteds>
er=wiesen	w644
</connecteds>
<connecteds>
<g/>
=	w645
<g/>
</connecteds>
<connecteds>
<g/>
/	w646
<g/>
</connecteds>
<connecteds>
wie	w647
</connecteds>
<connecteds>
ingleichen	w648
</connecteds>
<connecteds>
zu	w649
</connecteds>
<connecteds>
dessen	w650
</connecteds>
<connecteds>
Un=terhaltung	w651
</connecteds>
<connecteds>
<g/>
=	w652
<g/>
</connecteds>
<connecteds>
alle	w653
</connecteds>
<connecteds>
Abende	w654
</connecteds>
<connecteds>
herrliche	w655
</connecteds>
<connecteds>
Ge=sellschaften	w656
</connecteds>
<connecteds>
<g/>
=	w657
<g/>
</connecteds>
<connecteds>
gehalten	w658
</connecteds>
<connecteds>
<g/>
.	w659
<g/>
</connecteds>
<connecteds>
Donnerstags	w660
</connecteds>
<connecteds>
<g/>
/	w661
<g/>
</connecteds>
<connecteds>
als	w662
</connecteds>
<connecteds>
den	w663
</connecteds>
<connecteds>
dritten	w664
</connecteds>
<connecteds>
dieses	w665
</connecteds>
<connecteds>
benanntlich	w666
</connecteds>
<connecteds>
am	w667
</connecteds>
<connecteds>
Fest	w668
</connecteds>
<connecteds>
des	w669
</connecteds>
<connecteds>
Heil	w670
</connecteds>
<connecteds>
<g/>
.	w671
<g/>
</connecteds>
<connecteds>
Francisci	w672
</connecteds>
<connecteds>
Xaverii	w673
</connecteds>
<connecteds>
be=gienge	w674
</connecteds>
<connecteds>
<g/>
=	w675
<g/>
</connecteds>
<connecteds>
der	w676
</connecteds>
<connecteds>
Printz	w677
</connecteds>
<connecteds>
solches	w678
</connecteds>
<connecteds>
Fest	w679
</connecteds>
<connecteds>
mit	w680
</connecteds>
<connecteds>
sonderbarer	w681
</connecteds>
<connecteds>
Andacht	w682
</connecteds>
<connecteds>
<g/>
/	w683
<g/>
</connecteds>
<connecteds>
dann	w684
</connecteds>
<connecteds>
nebst	w685
</connecteds>
<connecteds>
deme	w686
</connecteds>
<connecteds>
<g/>
/	w687
<g/>
</connecteds>
<connecteds>
daß	w688
</connecteds>
<connecteds>
er	w689
</connecteds>
<connecteds>
Abends	w690
</connecteds>
<connecteds>
zuvor	w691
</connecteds>
<connecteds>
der	w692
</connecteds>
<connecteds>
ersten	w693
</connecteds>
<connecteds>
Vesper	w694
</connecteds>
<connecteds>
in	w695
</connecteds>
<connecteds>
der	w696
</connecteds>
<connecteds>
Kirche	w697
</connecteds>
<connecteds>
des	w698
</connecteds>
<connecteds>
Profeß	w699
</connecteds>
<connecteds>
<g/>
=	w700
<g/>
</connecteds>
<connecteds>
Hauses	w701
</connecteds>
<connecteds>
der	w702
</connecteds>
<connecteds>
Gesellschaft	w703
</connecteds>
<connecteds>
JEsu	w704
</connecteds>
<connecteds>
bey	w705
</connecteds>
<connecteds>
St	w706
</connecteds>
<connecteds>
<g/>
.	w707
<g/>
</connecteds>
<connecteds>
Fidele	w708
</connecteds>
<connecteds>
ge=nannt	w709
</connecteds>
<connecteds>
<g/>
=	w710
<g/>
</connecteds>
<connecteds>
auferbäulichst	w711
</connecteds>
<connecteds>
beywohnete	w712
</connecteds>
<connecteds>
<g/>
/	w713
<g/>
</connecteds>
<connecteds>
so	w714
</connecteds>
<connecteds>
wolte	w715
</connecteds>
<connecteds>
er	w716
</connecteds>
<connecteds>
auch	w717
</connecteds>
<connecteds>
den	w718
</connecteds>
<connecteds>
folgenden	w719
</connecteds>
<connecteds>
Tag	w720
</connecteds>
<connecteds>
als	w721
</connecteds>
<connecteds>
am	w722
</connecteds>
<connecteds>
Fest	w723
</connecteds>
<connecteds>
selbst	w724
</connecteds>
<connecteds>
an	w725
</connecteds>
<connecteds>
dem	w726
</connecteds>
<connecteds>
Altar	w727
</connecteds>
<connecteds>
dieses	w728
</connecteds>
</p>
<p id="p12">
Heiligen	w729
<connecteds>
in	w730
</connecteds>
<connecteds>
besagter	w731
</connecteds>
<connecteds>
Kirchen	w732
</connecteds>
<connecteds>
die	w733
</connecteds>
<connecteds>
Heil	w734
</connecteds>
<connecteds>
<g/>
.	w735
<g/>
</connecteds>
<connecteds>
Communion	w736
</connecteds>
<connecteds>
offentlich	w737
</connecteds>
<connecteds>
empfangen	w738
</connecteds>
<connecteds>
<g/>
/	w739
<g/>
</connecteds>
<connecteds>
des=gleichen	w740
</connecteds>
<connecteds>
<g/>
=	w741
<g/>
</connecteds>
<connecteds>
beliebte	w742
</connecteds>
<connecteds>
es	w743
</connecteds>
<connecteds>
ihme	w744
</connecteds>
<connecteds>
auch	w745
</connecteds>
<connecteds>
selben	w746
</connecteds>
<connecteds>
Nach	w747
</connecteds>
<connecteds>
<g/>
=	w748
<g/>
</connecteds>
<connecteds>
mittag	w749
</connecteds>
<connecteds>
sodann	w750
</connecteds>
<connecteds>
abermal	w751
</connecteds>
<connecteds>
der	w752
</connecteds>
<connecteds>
letz=ten	w753
</connecteds>
<connecteds>
<g/>
=	w754
<g/>
</connecteds>
<connecteds>
Vesper	w755
</connecteds>
<connecteds>
alda	w756
</connecteds>
<connecteds>
abzuwarten	w757
</connecteds>
<connecteds>
<g/>
/	w758
<g/>
</connecteds>
<connecteds>
wessen	w759
</connecteds>
<connecteds>
allen	w760
</connecteds>
<connecteds>
eine	w761
</connecteds>
<connecteds>
ungemeine	w762
</connecteds>
<connecteds>
Menge	w763
</connecteds>
<connecteds>
anderen	w764
</connecteds>
<connecteds>
alhiesig	w765
</connecteds>
<connecteds>
hohen	w766
</connecteds>
<connecteds>
Adels	w767
</connecteds>
<connecteds>
<g/>
/	w768
<g/>
</connecteds>
<connecteds>
und	w769
</connecteds>
<connecteds>
vielen	w770
</connecteds>
<connecteds>
Vol=ckes	w771
</connecteds>
<connecteds>
<g/>
=	w772
<g/>
</connecteds>
<connecteds>
<g/>
/	w773
<g/>
</connecteds>
<connecteds>
beywohneten	w774
</connecteds>
<connecteds>
<g/>
.	w775
<g/>
</connecteds>
<connecteds>
Die	w776
</connecteds>
<connecteds>
folgende	w777
</connecteds>
<connecteds>
Tage	w778
</connecteds>
<connecteds>
hörete	w779
</connecteds>
<connecteds>
der	w780
</connecteds>
<connecteds>
Printz	w781
</connecteds>
<connecteds>
alle	w782
</connecteds>
<connecteds>
Vor=mittage	w783
</connecteds>
<connecteds>
<g/>
=	w784
<g/>
</connecteds>
<connecteds>
in	w785
</connecteds>
<connecteds>
gedachter	w786
</connecteds>
<connecteds>
Kirche	w787
</connecteds>
<connecteds>
<g/>
,	w788
<g/>
</connecteds>
<connecteds>
an	w789
</connecteds>
<connecteds>
besagten	w790
</connecteds>
<connecteds>
Altar	w791
</connecteds>
<connecteds>
die	w792
</connecteds>
<connecteds>
Heil	w793
</connecteds>
<connecteds>
<g/>
.	w794
<g/>
</connecteds>
<connecteds>
Messe	w795
</connecteds>
<connecteds>
<g/>
/	w796
<g/>
</connecteds>
<connecteds>
so	w797
</connecteds>
<connecteds>
je=desmal	w798
</connecteds>
<connecteds>
<g/>
=	w799
<g/>
</connecteds>
<connecteds>
Dero	w800
</connecteds>
<connecteds>
eigener	w801
</connecteds>
<connecteds>
Beicht	w802
</connecteds>
<connecteds>
<g/>
=	w803
<g/>
</connecteds>
<connecteds>
Vatter	w804
</connecteds>
<connecteds>
P	w805
</connecteds>
<connecteds>
<g/>
.	w806
<g/>
</connecteds>
<connecteds>
Winibaldus	w807
</connecteds>
<connecteds>
Buinel	w808
</connecteds>
<connecteds>
Soc	w809
</connecteds>
<connecteds>
<g/>
.	w810
<g/>
</connecteds>
<connecteds>
JEsu	w811
</connecteds>
<connecteds>
la=se	w812
</connecteds>
<connecteds>
<g/>
=	w813
<g/>
</connecteds>
<connecteds>
<g/>
.	w814
<g/>
</connecteds>
<connecteds>
Donnerstag	w815
</connecteds>
<connecteds>
Abends	w816
</connecteds>
<connecteds>
wurde	w817
</connecteds>
<connecteds>
dieser	w818
</connecteds>
<connecteds>
Printz	w819
</connecteds>
<connecteds>
in	w820
</connecteds>
<connecteds>
dem	w821
</connecteds>
<connecteds>
Hause	w822
</connecteds>
<connecteds>
des	w823
</connecteds>
<connecteds>
Grafens	w824
</connecteds>
<connecteds>
An=ton	w825
</connecteds>
<connecteds>
<g/>
=	w826
<g/>
</connecteds>
<connecteds>
Simonetta	w827
</connecteds>
<connecteds>
<g/>
/	w828
<g/>
</connecteds>
<connecteds>
und	w829
</connecteds>
<connecteds>
den	w830
</connecteds>
<connecteds>
folgenden	w831
</connecteds>
<connecteds>
Abend	w832
</connecteds>
<connecteds>
bey	w833
</connecteds>
<connecteds>
dem	w834
</connecteds>
<connecteds>
Marches	w835
</connecteds>
<connecteds>
Pio	w836
</connecteds>
<connecteds>
Palla=vicini	w837
</connecteds>
<connecteds>
<g/>
=	w838
<g/>
</connecteds>
<connecteds>
mit	w839
</connecteds>
<connecteds>
prächtigen	w840
</connecteds>
<connecteds>
Gesellschaften	w841
</connecteds>
<connecteds>
be=ehret	w842
</connecteds>
<connecteds>
<g/>
=	w843
<g/>
</connecteds>
<connecteds>
<g/>
.	w844
<g/>
</connecteds>
<connecteds>
Freytags	w845
</connecteds>
<connecteds>
besahe	w846
</connecteds>
<connecteds>
selber	w847
</connecteds>
<connecteds>
die	w848
</connecteds>
<connecteds>
herr=liche	w849
</connecteds>
<connecteds>
<g/>
=	w850
<g/>
</connecteds>
<connecteds>
Ambrosianische	w851
</connecteds>
<connecteds>
Bibliothec	w852
</connecteds>
<connecteds>
<g/>
/	w853
<g/>
</connecteds>
<connecteds>
alwo	w854
</connecteds>
<connecteds>
ihn	w855
</connecteds>
<connecteds>
der	w856
</connecteds>
<connecteds>
Graf	w857
</connecteds>
<connecteds>
Johann	w858
</connecteds>
<connecteds>
Borromeo	w859
</connecteds>
<connecteds>
als	w860
</connecteds>
<connecteds>
Erhalter	w861
</connecteds>
<connecteds>
derselben	w862
</connecteds>
<connecteds>
empfienge	w863
</connecteds>
<connecteds>
<g/>
/	w864
<g/>
</connecteds>
<connecteds>
der	w865
</connecteds>
<connecteds>
be=rühmte	w866
</connecteds>
<connecteds>
<g/>
=	w867
<g/>
</connecteds>
<connecteds>
Doctor	w868
</connecteds>
<connecteds>
Joseph	w869
</connecteds>
<connecteds>
Anton	w870
</connecteds>
<connecteds>
Sassi	w871
</connecteds>
<connecteds>
<g/>
/	w872
<g/>
</connecteds>
<connecteds>
als	w873
</connecteds>
<connecteds>
Vorsteher	w874
</connecteds>
<connecteds>
dieser	w875
</connecteds>
<connecteds>
Bibliothec	w876
</connecteds>
<connecteds>
aber	w877
</connecteds>
<connecteds>
ihme	w878
</connecteds>
<connecteds>
alles	w879
</connecteds>
<connecteds>
darwiese	w880
</connecteds>
<connecteds>
<g/>
/	w881
<g/>
</connecteds>
<connecteds>
da	w882
</connecteds>
<connecteds>
dann	w883
</connecteds>
<connecteds>
der	w884
</connecteds>
<connecteds>
Printz	w885
</connecteds>
<connecteds>
sowol	w886
</connecteds>
<connecteds>
über	w887
</connecteds>
<connecteds>
die	w888
</connecteds>
<connecteds>
vielfältig	w889
</connecteds>
<connecteds>
alda	w890
</connecteds>
<connecteds>
befindliche	w891
</connecteds>
<connecteds>
rare	w892
</connecteds>
<connecteds>
Manuscripta	w893
</connecteds>
<connecteds>
<g/>
/	w894
<g/>
</connecteds>
<connecteds>
als	w895
</connecteds>
<connecteds>
auch	w896
</connecteds>
<connecteds>
andere	w897
</connecteds>
<connecteds>
Kostbarkeiten	w898
</connecteds>
<connecteds>
<g/>
/	w899
<g/>
</connecteds>
<connecteds>
und	w900
</connecteds>
<connecteds>
sonderheitli=chen	w901
</connecteds>
<connecteds>
<g/>
=	w902
<g/>
</connecteds>
<connecteds>
die	w903
</connecteds>
<connecteds>
in	w904
</connecteds>
<connecteds>
dem	w905
</connecteds>
<connecteds>
daran	w906
</connecteds>
<connecteds>
stossenden	w907
</connecteds>
<connecteds>
Saal	w908
</connecteds>
<connecteds>
aufbehaltene	w909
</connecteds>
<connecteds>
auserlösene	w910
</connecteds>
<connecteds>
Mahlereyen	w911
</connecteds>
<connecteds>
eine	w912
</connecteds>
<connecteds>
besondere	w913
</connecteds>
<connecteds>
Erfahrenheit	w914
</connecteds>
<connecteds>
<g/>
/	w915
<g/>
</connecteds>
<connecteds>
und	w916
</connecteds>
<connecteds>
Ver=gnügen	w917
</connecteds>
<connecteds>
<g/>
=	w918
<g/>
</connecteds>
<connecteds>
erwiesen	w919
</connecteds>
<connecteds>
<g/>
.	w920
<g/>
</connecteds>
<connecteds>
Samstag	w921
</connecteds>
<connecteds>
Abends	w922
</connecteds>
<connecteds>
wurde	w923
</connecteds>
<connecteds>
in	w924
</connecteds>
<connecteds>
dem	w925
</connecteds>
<connecteds>
Haus	w926
</connecteds>
<connecteds>
Clerici	w927
</connecteds>
<connecteds>
den=selben	w928
</connecteds>
<connecteds>
<g/>
=	w929
<g/>
</connecteds>
<connecteds>
zu	w930
</connecteds>
<connecteds>
Ehren	w931
</connecteds>
<connecteds>
eine	w932
</connecteds>
<connecteds>
Academie	w933
</connecteds>
<connecteds>
von	w934
</connecteds>
<connecteds>
Vocal	w935
</connecteds>
<connecteds>
<g/>
=	w936
<g/>
</connecteds>
<connecteds>
und	w937
</connecteds>
<connecteds>
Jnstrumental	w938
</connecteds>
<connecteds>
<g/>
=	w939
<g/>
</connecteds>
<connecteds>
Musik	w940
</connecteds>
<connecteds>
und	w941
</connecteds>
<connecteds>
Montags	w942
</connecteds>
<connecteds>
eben	w943
</connecteds>
<connecteds>
eine	w944
</connecteds>
<connecteds>
solche	w945
</connecteds>
<connecteds>
bey	w946
</connecteds>
<connecteds>
dem	w947
</connecteds>
<connecteds>
Marches	w948
</connecteds>
<connecteds>
Philipp	w949
</connecteds>
<connecteds>
Caravaggio	w950
</connecteds>
<connecteds>
gehal=ten	w951
</connecteds>
<connecteds>
<g/>
=	w952
<g/>
</connecteds>
<connecteds>
<g/>
.	w953
<g/>
</connecteds>
<connecteds>
Sonntags	w954
</connecteds>
<connecteds>
ware	w955
</connecteds>
<connecteds>
bey	w956
</connecteds>
<connecteds>
dem	w957
</connecteds>
<connecteds>
Graf	w958
</connecteds>
<connecteds>
Resta	w959
</connecteds>
<connecteds>
<g/>
/	w960
<g/>
</connecteds>
<connecteds>
gestern	w961
</connecteds>
<connecteds>
Abends	w962
</connecteds>
<connecteds>
aber	w963
</connecteds>
<connecteds>
bey	w964
</connecteds>
<connecteds>
dem	w965
</connecteds>
<connecteds>
Grafen	w966
</connecteds>
<connecteds>
Galeazzo	w967
</connecteds>
<connecteds>
Bolognino	w968
</connecteds>
<connecteds>
Spiel	w969
</connecteds>
<connecteds>
<g/>
=	w970
<g/>
</connecteds>
<connecteds>
Gesellschaft	w971
</connecteds>
<connecteds>
<g/>
/	w972
<g/>
</connecteds>
<connecteds>
darbey	w973
</connecteds>
<connecteds>
überall	w974
</connecteds>
<connecteds>
kostbare	w975
</connecteds>
<connecteds>
Erfrischungen	w976
</connecteds>
<connecteds>
ausgetheilet	w977
</connecteds>
<connecteds>
wurden	w978
</connecteds>
<connecteds>
<g/>
.	w979
<g/>
</connecteds>
<connecteds>
Sonntags	w980
</connecteds>
<connecteds>
verfügte	w981
</connecteds>
<connecteds>
sich	w982
</connecteds>
<connecteds>
der	w983
</connecteds>
<connecteds>
Printz	w984
</connecteds>
</p>
<p id="p13">
in	w987
<connecteds>
die	w988
</connecteds>
<connecteds>
berühmte	w989
</connecteds>
<connecteds>
Frauen	w990
</connecteds>
<connecteds>
<g/>
=	w991
<g/>
</connecteds>
<connecteds>
Kirche	w992
</connecteds>
<connecteds>
nächst	w993
</connecteds>
<connecteds>
St	w994
</connecteds>
<connecteds>
<g/>
.	w995
<g/>
</connecteds>
<connecteds>
Celso	w996
</connecteds>
<connecteds>
<g/>
/	w997
<g/>
</connecteds>
<connecteds>
alwo	w998
</connecteds>
<connecteds>
ihn	w999
</connecteds>
<connecteds>
der	w1000
</connecteds>
<connecteds>
Graf	w1001
</connecteds>
<connecteds>
Philipp	w1002
</connecteds>
<connecteds>
Archinti	w1003
</connecteds>
<connecteds>
<g/>
/	w1004
<g/>
</connecteds>
<connecteds>
als	w1005
</connecteds>
<connecteds>
Prior	w1006
</connecteds>
<connecteds>
deren	w1007
</connecteds>
<connecteds>
zu	w1008
</connecteds>
<connecteds>
dem	w1009
</connecteds>
<connecteds>
alda=sig	w1010
</connecteds>
<connecteds>
<g/>
=	w1011
<g/>
</connecteds>
<connecteds>
kostdaren	w1012
</connecteds>
<connecteds>
Gebäude	w1013
</connecteds>
<connecteds>
verordneten	w1014
</connecteds>
<connecteds>
Ca=valieren	w1015
</connecteds>
<connecteds>
<g/>
=	w1016
<g/>
</connecteds>
<connecteds>
empfienge	w1017
</connecteds>
<connecteds>
<g/>
/	w1018
<g/>
</connecteds>
<connecteds>
und	w1019
</connecteds>
<connecteds>
der	w1020
</connecteds>
<connecteds>
Vorsteher	w1021
</connecteds>
<connecteds>
Calderino	w1022
</connecteds>
<connecteds>
mit	w1023
</connecteds>
<connecteds>
einigen	w1024
</connecteds>
<connecteds>
Chor	w1025
</connecteds>
<connecteds>
<g/>
=	w1026
<g/>
</connecteds>
<connecteds>
Herren	w1027
</connecteds>
<connecteds>
bey	w1028
</connecteds>
<connecteds>
der	w1029
</connecteds>
<connecteds>
Thür	w1030
</connecteds>
<connecteds>
stehend	w1031
</connecteds>
<connecteds>
<g/>
/	w1032
<g/>
</connecteds>
<connecteds>
ihme	w1033
</connecteds>
<connecteds>
das	w1034
</connecteds>
<connecteds>
Weih	w1035
</connecteds>
<connecteds>
<g/>
=	w1036
<g/>
</connecteds>
<connecteds>
Wasser	w1037
</connecteds>
<connecteds>
reichete	w1038
</connecteds>
<connecteds>
<g/>
.	w1039
<g/>
</connecteds>
<connecteds>
Nach	w1040
</connecteds>
<connecteds>
angehörter	w1041
</connecteds>
<connecteds>
Messe	w1042
</connecteds>
<connecteds>
gabe	w1043
</connecteds>
<connecteds>
ihme	w1044
</connecteds>
<connecteds>
der	w1045
</connecteds>
<connecteds>
ernannte	w1046
</connecteds>
<connecteds>
Vorste=her	w1047
</connecteds>
<connecteds>
<g/>
=	w1048
<g/>
</connecteds>
<connecteds>
den	w1049
</connecteds>
<connecteds>
Schleyer	w1050
</connecteds>
<connecteds>
<g/>
/	w1051
<g/>
</connecteds>
<connecteds>
welchen	w1052
</connecteds>
<connecteds>
die	w1053
</connecteds>
<connecteds>
Mutter	w1054
</connecteds>
<connecteds>
GOttes	w1055
</connecteds>
<connecteds>
in	w1056
</connecteds>
<connecteds>
ihrer	w1057
</connecteds>
<connecteds>
Wunderthätigen	w1058
</connecteds>
<connecteds>
Er=scheinung	w1059
</connecteds>
<connecteds>
<g/>
=	w1060
<g/>
</connecteds>
<connecteds>
von	w1061
</connecteds>
<connecteds>
sich	w1062
</connecteds>
<connecteds>
gethan	w1063
</connecteds>
<connecteds>
<g/>
/	w1064
<g/>
</connecteds>
<connecteds>
zu	w1065
</connecteds>
<connecteds>
küssen	w1066
</connecteds>
<connecteds>
<g/>
.	w1067
<g/>
</connecteds>
<connecteds>
Dito	w1068
</connecteds>
<connecteds>
speisete	w1069
</connecteds>
<connecteds>
er	w1070
</connecteds>
<connecteds>
zu	w1071
</connecteds>
<connecteds>
Mittag	w1072
</connecteds>
<connecteds>
bey	w1073
</connecteds>
<connecteds>
dem	w1074
</connecteds>
<connecteds>
Grafen	w1075
</connecteds>
<connecteds>
Julio	w1076
</connecteds>
<connecteds>
Visconti	w1077
</connecteds>
<connecteds>
Borromeo	w1078
</connecteds>
<connecteds>
Are=se	w1079
</connecteds>
<connecteds>
<g/>
=	w1080
<g/>
</connecteds>
<connecteds>
<g/>
/	w1081
<g/>
</connecteds>
<connecteds>
welcher	w1082
</connecteds>
<connecteds>
ihn	w1083
</connecteds>
<connecteds>
ungemein	w1084
</connecteds>
<connecteds>
herrlich	w1085
</connecteds>
<connecteds>
bewir=tete	w1086
</connecteds>
<connecteds>
<g/>
=	w1087
<g/>
</connecteds>
<connecteds>
<g/>
/	w1088
<g/>
</connecteds>
<connecteds>
und	w1089
</connecteds>
<connecteds>
wurde	w1090
</connecteds>
<connecteds>
bey	w1091
</connecteds>
<connecteds>
diesem	w1092
</connecteds>
<connecteds>
Gast	w1093
</connecteds>
<connecteds>
<g/>
=	w1094
<g/>
</connecteds>
<connecteds>
Mahl	w1095
</connecteds>
<connecteds>
hauptsächlich	w1096
</connecteds>
<connecteds>
der	w1097
</connecteds>
<connecteds>
letzte	w1098
</connecteds>
<connecteds>
Aufsatz	w1099
</connecteds>
<connecteds>
von	w1100
</connecteds>
<connecteds>
Zuker	w1101
</connecteds>
<connecteds>
<g/>
=	w1102
<g/>
</connecteds>
<connecteds>
Werk	w1103
</connecteds>
<connecteds>
<g/>
/	w1104
<g/>
</connecteds>
<connecteds>
und	w1105
</connecteds>
<connecteds>
denen	w1106
</connecteds>
<connecteds>
seltsam=sten	w1107
</connecteds>
<connecteds>
<g/>
=	w1108
<g/>
</connecteds>
<connecteds>
Früchten	w1109
</connecteds>
<connecteds>
der	w1110
</connecteds>
<connecteds>
ungemein	w1111
</connecteds>
<connecteds>
zierlichen	w1112
</connecteds>
<connecteds>
Eintheilung	w1113
</connecteds>
<connecteds>
halber	w1114
</connecteds>
<connecteds>
von	w1115
</connecteds>
<connecteds>
jederman	w1116
</connecteds>
<connecteds>
be=wundert	w1117
</connecteds>
<connecteds>
<g/>
=	w1118
<g/>
</connecteds>
<connecteds>
<g/>
.	w1119
<g/>
</connecteds>
<connecteds>
Montags	w1120
</connecteds>
<connecteds>
als	w1121
</connecteds>
<connecteds>
an	w1122
</connecteds>
<connecteds>
dem	w1123
</connecteds>
<connecteds>
Fest	w1124
</connecteds>
<connecteds>
unseres	w1125
</connecteds>
<connecteds>
grossen	w1126
</connecteds>
<connecteds>
Schutz	w1127
</connecteds>
<connecteds>
<g/>
=	w1128
<g/>
</connecteds>
<connecteds>
Patrons	w1129
</connecteds>
<connecteds>
des	w1130
</connecteds>
<connecteds>
H	w1131
</connecteds>
<connecteds>
<g/>
.	w1132
<g/>
</connecteds>
<connecteds>
Ertz	w1133
</connecteds>
<connecteds>
<g/>
=	w1134
<g/>
</connecteds>
<connecteds>
Bischoffens	w1135
</connecteds>
<connecteds>
<g/>
/	w1136
<g/>
</connecteds>
<connecteds>
und	w1137
</connecteds>
<connecteds>
Kirchen	w1138
</connecteds>
<connecteds>
<g/>
=	w1139
<g/>
</connecteds>
<connecteds>
Leh=rers	w1140
</connecteds>
<connecteds>
<g/>
=	w1141
<g/>
</connecteds>
<connecteds>
Ambrosii	w1142
</connecteds>
<connecteds>
wohnete	w1143
</connecteds>
<connecteds>
der	w1144
</connecteds>
<connecteds>
Printz	w1145
</connecteds>
<connecteds>
im	w1146
</connecteds>
<connecteds>
Dom	w1147
</connecteds>
<connecteds>
bey	w1148
</connecteds>
<connecteds>
dem	w1149
</connecteds>
<connecteds>
Altar	w1150
</connecteds>
<connecteds>
dieses	w1151
</connecteds>
<connecteds>
Heili=gen	w1152
</connecteds>
<connecteds>
<g/>
=	w1153
<g/>
</connecteds>
<connecteds>
der	w1154
</connecteds>
<connecteds>
Messe	w1155
</connecteds>
<connecteds>
bey	w1156
</connecteds>
<connecteds>
<g/>
.	w1157
<g/>
</connecteds>
<connecteds>
Gestern	w1158
</connecteds>
<connecteds>
als	w1159
</connecteds>
<connecteds>
am	w1160
</connecteds>
<connecteds>
Fest	w1161
</connecteds>
<connecteds>
der	w1162
</connecteds>
<connecteds>
unbeflekten	w1163
</connecteds>
<connecteds>
Empfängnuß	w1164
</connecteds>
<connecteds>
Ma= riæ Mariae	w1165
</connecteds>
<connecteds>
<g/>
=	w1166
<g/>
</connecteds>
<connecteds>
hörete	w1167
</connecteds>
<connecteds>
der	w1168
</connecteds>
<connecteds>
Printz	w1169
</connecteds>
<connecteds>
erstlich	w1170
</connecteds>
<connecteds>
seine	w1171
</connecteds>
<connecteds>
ge=wöhnliche	w1172
</connecteds>
<connecteds>
<g/>
=	w1173
<g/>
</connecteds>
<connecteds>
Messe	w1174
</connecteds>
<connecteds>
bey	w1175
</connecteds>
<connecteds>
St	w1176
</connecteds>
<connecteds>
<g/>
.	w1177
<g/>
</connecteds>
<connecteds>
Fidele	w1178
</connecteds>
<connecteds>
<g/>
/	w1179
<g/>
</connecteds>
<connecteds>
als=dann	w1180
</connecteds>
<connecteds>
<g/>
=	w1181
<g/>
</connecteds>
<connecteds>
begabe	w1182
</connecteds>
<connecteds>
er	w1183
</connecteds>
<connecteds>
sich	w1184
</connecteds>
<connecteds>
nach	w1185
</connecteds>
<connecteds>
der	w1186
</connecteds>
<connecteds>
Kirche	w1187
</connecteds>
<connecteds>
von	w1188
</connecteds>
<connecteds>
St	w1189
</connecteds>
<connecteds>
<g/>
.	w1190
<g/>
</connecteds>
<connecteds>
Maria	w1191
</connecteds>
<connecteds>
di	w1192
</connecteds>
<connecteds>
Brera	w1193
</connecteds>
<connecteds>
<g/>
/	w1194
<g/>
</connecteds>
<connecteds>
und	w1195
</connecteds>
<connecteds>
wohnete	w1196
</connecteds>
<connecteds>
alda	w1197
</connecteds>
<connecteds>
noch	w1198
</connecteds>
<connecteds>
einer	w1199
</connecteds>
<connecteds>
anderen	w1200
</connecteds>
<connecteds>
Messe	w1201
</connecteds>
<connecteds>
bey	w1202
</connecteds>
<connecteds>
<g/>
;	w1203
<g/>
</connecteds>
<connecteds>
Ein	w1204
</connecteds>
<connecteds>
Reltquiarium	w1205
</connecteds>
<connecteds>
in	w1206
</connecteds>
<connecteds>
feinem	w1207
</connecteds>
<connecteds>
Berg	w1208
</connecteds>
<connecteds>
<g/>
=	w1209
<g/>
</connecteds>
<connecteds>
Crystall	w1210
</connecteds>
<connecteds>
<g/>
/	w1211
<g/>
</connecteds>
<connecteds>
und	w1212
</connecteds>
<connecteds>
Gold	w1213
</connecteds>
<connecteds>
gefasset	w1214
</connecteds>
<connecteds>
bestehend	w1215
</connecteds>
<connecteds>
einer	w1216
</connecteds>
<connecteds>
Seits	w1217
</connecteds>
<connecteds>
aus	w1218
</connecteds>
<connecteds>
Reliquien	w1219
</connecteds>
<connecteds>
von	w1220
</connecteds>
<connecteds>
allen	w1221
</connecteds>
<connecteds>
Heiligen	w1222
</connecteds>
<connecteds>
12	w1223
</connecteds>
<connecteds>
<g/>
.	w1224
<g/>
</connecteds>
<connecteds>
Aposteln	w1225
</connecteds>
<connecteds>
auch	w1226
</connecteds>
<connecteds>
von	w1227
</connecteds>
<connecteds>
dem	w1228
</connecteds>
<connecteds>
Heil	w1229
</connecteds>
<connecteds>
<g/>
.	w1230
<g/>
</connecteds>
<connecteds>
Paulo	w1231
</connecteds>
<connecteds>
<g/>
/	w1232
<g/>
</connecteds>
<connecteds>
anderer	w1233
</connecteds>
<connecteds>
Seits	w1234
</connecteds>
<connecteds>
von	w1235
</connecteds>
<connecteds>
JEsu	w1236
</connecteds>
<connecteds>
<g/>
/	w1237
<g/>
</connecteds>
<connecteds>
Maria	w1238
</connecteds>
<connecteds>
<g/>
/	w1239
<g/>
</connecteds>
<connecteds>
Joseph	w1240
</connecteds>
<connecteds>
<g/>
/	w1241
<g/>
</connecteds>
<connecteds>
Joachim	w1242
</connecteds>
<connecteds>
<g/>
/	w1243
<g/>
</connecteds>
<connecteds>
Anna	w1244
</connecteds>
<connecteds>
<g/>
/	w1245
<g/>
</connecteds>
<connecteds>
Elisa=beth	w1246
</connecteds>
<connecteds>
<g/>
=	w1247
<g/>
</connecteds>
<connecteds>
ꝛc	w1248
</connecteds>
<connecteds>
<g/>
.	w1249
<g/>
</connecteds>
<connecteds>
wurde	w1250
</connecteds>
<connecteds>
ihme	w1251
</connecteds>
<connecteds>
kurtz	w1252
</connecteds>
<connecteds>
vorhero	w1253
</connecteds>
<connecteds>
in	w1254
</connecteds>
<connecteds>
dem	w1255
</connecteds>
<connecteds>
Profeß	w1256
</connecteds>
<connecteds>
<g/>
=	w1257
<g/>
</connecteds>
<connecteds>
Haus	w1258
</connecteds>
<connecteds>
der	w1259
</connecteds>
<connecteds>
Gesellschaft	w1260
</connecteds>
<connecteds>
JEsu	w1261
</connecteds>
<connecteds>
<g/>
/	w1262
<g/>
</connecteds>
<connecteds>
alwo	w1263
</connecteds>
<connecteds>
er	w1264
</connecteds>
<connecteds>
gleichfalls	w1265
</connecteds>
<connecteds>
einige	w1266
</connecteds>
<connecteds>
Pa=tres	w1267
</connecteds>
<connecteds>
<g/>
=	w1268
<g/>
</connecteds>
<connecteds>
besuchte	w1269
</connecteds>
<connecteds>
<g/>
/	w1270
<g/>
</connecteds>
<connecteds>
in	w1271
</connecteds>
<connecteds>
denen	w1272
</connecteds>
<connecteds>
Zimmern	w1273
</connecteds>
<connecteds>
sei=nes	w1274
</connecteds>
<connecteds>
<g/>
=	w1275
<g/>
</connecteds>
<connecteds>
Beicht	w1276
</connecteds>
<connecteds>
<g/>
=	w1277
<g/>
</connecteds>
<connecteds>
Vatters	w1278
</connecteds>
<connecteds>
verehret	w1279
</connecteds>
<connecteds>
<g/>
.	w1280
<g/>
</connecteds>
</p>
<head id="hl9">
Livorno	w1281
<connecteds>
11	w1282
</connecteds>
<connecteds>
<g/>
.	w1283
<g/>
</connecteds>
<connecteds>
December	w1284
</connecteds>
<connecteds>
<g/>
.	w1285
<g/>
</connecteds>
</head>
<p id="p14">
Gestern	w1286
<connecteds>
erfuhre	w1287
</connecteds>
<connecteds>
man	w1288
</connecteds>
<connecteds>
durch	w1289
</connecteds>
<connecteds>
die	w1290
</connecteds>
<connecteds>
Brie=fe	w1291
</connecteds>
<connecteds>
<g/>
=	w1292
<g/>
</connecteds>
<connecteds>
von	w1293
</connecteds>
<connecteds>
Bastia	w1294
</connecteds>
<connecteds>
unter	w1295
</connecteds>
<connecteds>
dato	w1296
</connecteds>
<connecteds>
den	w1297
</connecteds>
<connecteds>
5	w1298
</connecteds>
<connecteds>
<g/>
.	w1299
<g/>
</connecteds>
<connecteds>
die=ses	w1300
</connecteds>
<connecteds>
<g/>
=	w1301
<g/>
</connecteds>
<connecteds>
<g/>
/	w1302
<g/>
</connecteds>
<connecteds>
daß	w1303
</connecteds>
<connecteds>
allda	w1304
</connecteds>
<connecteds>
abermal	w1305
</connecteds>
<connecteds>
eine	w1306
</connecteds>
<connecteds>
Anzahl	w1307
</connecteds>
<connecteds>
Corsicaner	w1308
</connecteds>
<connecteds>
als	w1309
</connecteds>
<connecteds>
Soldaten	w1310
</connecteds>
<connecteds>
für	w1311
</connecteds>
<connecteds>
das	w1312
</connecteds>
<connecteds>
in	w1313
</connecteds>
<connecteds>
Frankreich	w1314
</connecteds>
<connecteds>
errichtende	w1315
</connecteds>
<connecteds>
Corsicanische	w1316
</connecteds>
<connecteds>
Regiment	w1317
</connecteds>
<connecteds>
eingeschiffet	w1318
</connecteds>
<connecteds>
<g/>
/	w1319
<g/>
</connecteds>
<connecteds>
und	w1320
</connecteds>
<connecteds>
nacher	w1321
</connecteds>
<connecteds>
Provence	w1322
</connecteds>
<connecteds>
abgeführet	w1323
</connecteds>
<connecteds>
worden	w1324
</connecteds>
<connecteds>
<g/>
;	w1325
<g/>
</connecteds>
<connecteds>
des=gleichen	w1326
</connecteds>
<connecteds>
<g/>
=	w1327
<g/>
</connecteds>
<connecteds>
sollen	w1328
</connecteds>
<connecteds>
in	w1329
</connecteds>
<connecteds>
Corsica	w1330
</connecteds>
<connecteds>
seit	w1331
</connecteds>
<connecteds>
Kurtzen	w1332
</connecteds>
<connecteds>
viele	w1333
</connecteds>
<connecteds>
Personen	w1334
</connecteds>
<connecteds>
gefänglich	w1335
</connecteds>
<connecteds>
eingezogen	w1336
</connecteds>
<connecteds>
worden	w1337
</connecteds>
<connecteds>
seyn	w1338
</connecteds>
<connecteds>
<g/>
/	w1339
<g/>
</connecteds>
<connecteds>
bey	w1340
</connecteds>
<connecteds>
denen	w1341
</connecteds>
<connecteds>
man	w1342
</connecteds>
<connecteds>
noch	w1343
</connecteds>
<connecteds>
Schieß	w1344
</connecteds>
<connecteds>
<g/>
=	w1345
<g/>
</connecteds>
<connecteds>
Gewehr	w1346
</connecteds>
<connecteds>
gefunden	w1347
</connecteds>
<connecteds>
<g/>
.	w1348
<g/>
</connecteds>
</p>
<p id="p15">
Heute	w1349
<connecteds>
ist	w1350
</connecteds>
<connecteds>
eine	w1351
</connecteds>
<connecteds>
Frantzösische	w1352
</connecteds>
<connecteds>
Tarta=ne	w1353
</connecteds>
<connecteds>
<g/>
=	w1354
<g/>
</connecteds>
<connecteds>
in	w1355
</connecteds>
<connecteds>
7	w1356
</connecteds>
<connecteds>
<g/>
.	w1357
<g/>
</connecteds>
<connecteds>
Tagen	w1358
</connecteds>
<connecteds>
von	w1359
</connecteds>
<connecteds>
Tunis	w1360
</connecteds>
<connecteds>
angelangt	w1361
</connecteds>
<connecteds>
<g/>
/	w1362
<g/>
</connecteds>
<connecteds>
dero	w1363
</connecteds>
<connecteds>
Patron	w1364
</connecteds>
<connecteds>
berichtet	w1365
</connecteds>
<connecteds>
<g/>
/	w1366
<g/>
</connecteds>
<connecteds>
daß	w1367
</connecteds>
<connecteds>
der	w1368
</connecteds>
<connecteds>
allda	w1369
</connecteds>
<connecteds>
regierende	w1370
</connecteds>
<connecteds>
Bey	w1371
</connecteds>
<connecteds>
noch	w1372
</connecteds>
<connecteds>
immer	w1373
</connecteds>
<connecteds>
fort	w1374
</connecteds>
<connecteds>
fah=re	w1375
</connecteds>
<connecteds>
<g/>
=	w1376
<g/>
</connecteds>
<connecteds>
verschiedene	w1377
</connecteds>
<connecteds>
Tyranneyen	w1378
</connecteds>
<connecteds>
zu	w1379
</connecteds>
<connecteds>
verüben	w1380
</connecteds>
<connecteds>
<g/>
/	w1381
<g/>
</connecteds>
<connecteds>
und	w1382
</connecteds>
<connecteds>
der	w1383
</connecteds>
<connecteds>
abgesetzte	w1384
</connecteds>
<connecteds>
Bey	w1385
</connecteds>
<connecteds>
sich	w1386
</connecteds>
<connecteds>
in	w1387
</connecteds>
<connecteds>
Susa	w1388
</connecteds>
<connecteds>
befände	w1389
</connecteds>
<connecteds>
<g/>
/	w1390
<g/>
</connecteds>
<connecteds>
welche	w1391
</connecteds>
<connecteds>
Stadt	w1392
</connecteds>
<connecteds>
ihm	w1393
</connecteds>
<connecteds>
unter=thänig	w1394
</connecteds>
<connecteds>
<g/>
=	w1395
<g/>
</connecteds>
<connecteds>
wäre	w1396
</connecteds>
<connecteds>
<g/>
.	w1397
<g/>
</connecteds>
</p>
<head id="hl10">
Parma	w1398
<connecteds>
11	w1399
</connecteds>
<connecteds>
<g/>
.	w1400
<g/>
</connecteds>
<connecteds>
Dec	w1401
</connecteds>
<connecteds>
<g/>
.	w1402
<g/>
</connecteds>
</head>
<p id="p16">
Dieser	w1403
<connecteds>
Tagen	w1404
</connecteds>
<connecteds>
seynd	w1405
</connecteds>
<connecteds>
abermal	w1406
</connecteds>
<connecteds>
nach	w1407
</connecteds>
<connecteds>
beobachteter	w1408
</connecteds>
<connecteds>
gewöhnlicher	w1409
</connecteds>
<connecteds>
Contumatz	w1410
</connecteds>
<connecteds>
einige	w1411
</connecteds>
<connecteds>
Compagnien	w1412
</connecteds>
<connecteds>
Teutsche	w1413
</connecteds>
<connecteds>
Soldaten	w1414
</connecteds>
<connecteds>
zu	w1415
</connecteds>
<connecteds>
Mantua	w1416
</connecteds>
<connecteds>
angelanget	w1417
</connecteds>
<connecteds>
<g/>
/	w1418
<g/>
</connecteds>
<connecteds>
und	w1419
</connecteds>
<connecteds>
werden	w1420
</connecteds>
<connecteds>
selbe	w1421
</connecteds>
<connecteds>
in	w1422
</connecteds>
<connecteds>
Kurtzen	w1423
</connecteds>
<connecteds>
weiters	w1424
</connecteds>
<connecteds>
sowol	w1425
</connecteds>
<connecteds>
in	w1426
</connecteds>
<connecteds>
die=sem	w1427
</connecteds>
<connecteds>
<g/>
=	w1428
<g/>
</connecteds>
<connecteds>
als	w1429
</connecteds>
<connecteds>
dem	w1430
</connecteds>
<connecteds>
Staat	w1431
</connecteds>
<connecteds>
von	w1432
</connecteds>
<connecteds>
Meiland	w1433
</connecteds>
<connecteds>
ver=theilet	w1434
</connecteds>
<connecteds>
<g/>
=	w1435
<g/>
</connecteds>
<connecteds>
werden	w1436
</connecteds>
<connecteds>
<g/>
.	w1437
<g/>
</connecteds>
</p>
<head id="hl11">
Rom	w1438
<connecteds>
12	w1439
</connecteds>
<connecteds>
<g/>
.	w1440
<g/>
</connecteds>
<connecteds>
Dec	w1441
</connecteds>
<connecteds>
<g/>
.	w1442
<g/>
</connecteds>
</head>
<p id="p17">
Nachdeme	w1443
<connecteds>
den	w1444
</connecteds>
<connecteds>
Kaiserl	w1445
</connecteds>
<connecteds>
<g/>
.	w1446
<g/>
</connecteds>
<connecteds>
Minister	w1447
</connecteds>
<connecteds>
Monsig	w1448
</connecteds>
<connecteds>
<g/>
.	w1449
<g/>
</connecteds>
<connecteds>
Harrach	w1450
</connecteds>
<connecteds>
ein	w1451
</connecteds>
<connecteds>
Anstoß	w1452
</connecteds>
<connecteds>
eines	w1453
</connecteds>
<connecteds>
Fiebers	w1454
</connecteds>
<connecteds>
überfallen	w1455
</connecteds>
<connecteds>
<g/>
/	w1456
<g/>
</connecteds>
<connecteds>
seynd	w1457
</connecteds>
<connecteds>
darauf	w1458
</connecteds>
<connecteds>
die	w1459
</connecteds>
<connecteds>
Fleken	w1460
</connecteds>
<connecteds>
an	w1461
</connecteds>
<connecteds>
ihme	w1462
</connecteds>
<connecteds>
erschienen	w1463
</connecteds>
<connecteds>
<g/>
/	w1464
<g/>
</connecteds>
<connecteds>
und	w1465
</connecteds>
<connecteds>
hat	w1466
</connecteds>
<connecteds>
Selber	w1467
</connecteds>
<connecteds>
hierüber	w1468
</connecteds>
<connecteds>
eine	w1469
</connecteds>
<connecteds>
so	w1470
</connecteds>
<connecteds>
üble	w1471
</connecteds>
<connecteds>
Nacht	w1472
</connecteds>
<connecteds>
gehabt	w1473
</connecteds>
<connecteds>
<g/>
/	w1474
<g/>
</connecteds>
<connecteds>
daß	w1475
</connecteds>
<connecteds>
an	w1476
</connecteds>
<connecteds>
dessen	w1477
</connecteds>
<connecteds>
Aufkommen	w1478
</connecteds>
<connecteds>
gezweifelt	w1479
</connecteds>
<connecteds>
wird	w1480
</connecteds>
<connecteds>
<g/>
.	w1481
<g/>
</connecteds>
</p>
<p id="p18">
Heute	w1482
<connecteds>
ist	w1483
</connecteds>
<connecteds>
die	w1484
</connecteds>
<connecteds>
Lotterie	w1485
</connecteds>
<connecteds>
gezogen	w1486
</connecteds>
<connecteds>
wor=den	w1487
</connecteds>
<connecteds>
<g/>
=	w1488
<g/>
</connecteds>
<connecteds>
<g/>
/	w1489
<g/>
</connecteds>
<connecteds>
und	w1490
</connecteds>
<connecteds>
seynd	w1491
</connecteds>
<connecteds>
die	w1492
</connecteds>
<connecteds>
Lossen	w1493
</connecteds>
<connecteds>
11	w1494
</connecteds>
<connecteds>
<g/>
.	w1495
<g/>
</connecteds>
<connecteds>
<g/>
/	w1496
<g/>
</connecteds>
<connecteds>
41	w1497
</connecteds>
<connecteds>
<g/>
.	w1498
<g/>
</connecteds>
<connecteds>
<g/>
/	w1499
<g/>
</connecteds>
<connecteds>
47	w1500
</connecteds>
<connecteds>
<g/>
.	w1501
<g/>
</connecteds>
<connecteds>
<g/>
/	w1502
<g/>
</connecteds>
<connecteds>
58	w1503
</connecteds>
<connecteds>
<g/>
.	w1504
<g/>
</connecteds>
<connecteds>
<g/>
/	w1505
<g/>
</connecteds>
<connecteds>
und	w1506
</connecteds>
<connecteds>
80	w1507
</connecteds>
<connecteds>
<g/>
.	w1508
<g/>
</connecteds>
<connecteds>
heraus	w1509
</connecteds>
<connecteds>
gekommen	w1510
</connecteds>
<connecteds>
<g/>
.	w1511
<g/>
</connecteds>
</p>
<p id="p19">
Nachdeme	w1512
<connecteds>
der	w1513
</connecteds>
<connecteds>
Ehrwürdige	w1514
</connecteds>
<connecteds>
Diener	w1515
</connecteds>
<connecteds>
GOttes	w1516
</connecteds>
<connecteds>
P	w1517
</connecteds>
<connecteds>
<g/>
.	w1518
<g/>
</connecteds>
<connecteds>
Angelus	w1519
</connecteds>
<connecteds>
Paoli	w1520
</connecteds>
<connecteds>
Carmeli=ter	w1521
</connecteds>
<connecteds>
<g/>
=	w1522
<g/>
</connecteds>
<connecteds>
Ordens	w1523
</connecteds>
<connecteds>
unter	w1524
</connecteds>
<connecteds>
verschiedenen	w1525
</connecteds>
<connecteds>
andern	w1526
</connecteds>
<connecteds>
bey	w1527
</connecteds>
<connecteds>
seinen	w1528
</connecteds>
<connecteds>
Lebzeiten	w1529
</connecteds>
<connecteds>
geüdten	w1530
</connecteds>
<connecteds>
herrlichen	w1531
</connecteds>
</p>
<p id="p20">
Tugenden	w1535
<connecteds>
alhier	w1536
</connecteds>
<connecteds>
unweit	w1537
</connecteds>
<connecteds>
der	w1538
</connecteds>
<connecteds>
Kirche	w1539
</connecteds>
<connecteds>
von	w1540
</connecteds>
<connecteds>
S	w1541
</connecteds>
<connecteds>
<g/>
.	w1542
<g/>
</connecteds>
<connecteds>
Clemente	w1543
</connecteds>
<connecteds>
in	w1544
</connecteds>
<connecteds>
der	w1545
</connecteds>
<connecteds>
Strasse	w1546
</connecteds>
<connecteds>
von	w1547
</connecteds>
<connecteds>
S	w1548
</connecteds>
<connecteds>
<g/>
.	w1549
<g/>
</connecteds>
<connecteds>
Giovanni	w1550
</connecteds>
<connecteds>
ein	w1551
</connecteds>
<connecteds>
Spital	w1552
</connecteds>
<connecteds>
für	w1553
</connecteds>
<connecteds>
arme	w1554
</connecteds>
<connecteds>
kranke	w1555
</connecteds>
<connecteds>
und	w1556
</connecteds>
<connecteds>
misselsüchtige	w1557
</connecteds>
<connecteds>
gestiftet	w1558
</connecteds>
<connecteds>
<g/>
/	w1559
<g/>
</connecteds>
<connecteds>
dieses	w1560
</connecteds>
<connecteds>
aber	w1561
</connecteds>
<connecteds>
daraufhin	w1562
</connecteds>
<connecteds>
durch	w1563
</connecteds>
<connecteds>
den	w1564
</connecteds>
<connecteds>
reichen	w1565
</connecteds>
<connecteds>
Segen	w1566
</connecteds>
<connecteds>
GOttes	w1567
</connecteds>
<connecteds>
nicht	w1568
</connecteds>
<connecteds>
allein	w1569
</connecteds>
<connecteds>
mit	w1570
</connecteds>
<connecteds>
ergeblichen	w1571
</connecteds>
<connecteds>
Allmosen	w1572
</connecteds>
<connecteds>
zu	w1573
</connecteds>
<connecteds>
genugsamen	w1574
</connecteds>
<connecteds>
Unterhalt	w1575
</connecteds>
<connecteds>
ei=ner	w1576
</connecteds>
<connecteds>
<g/>
=	w1577
<g/>
</connecteds>
<connecteds>
ziemlichen	w1578
</connecteds>
<connecteds>
Anzahl	w1579
</connecteds>
<connecteds>
besagter	w1580
</connecteds>
<connecteds>
Kran=cken	w1581
</connecteds>
<connecteds>
<g/>
=	w1582
<g/>
</connecteds>
<connecteds>
nach	w1583
</connecteds>
<connecteds>
<g/>
/	w1584
<g/>
</connecteds>
<connecteds>
und	w1585
</connecteds>
<connecteds>
nach	w1586
</connecteds>
<connecteds>
versehen	w1587
</connecteds>
<connecteds>
<g/>
/	w1588
<g/>
</connecteds>
<connecteds>
sondern	w1589
</connecteds>
<connecteds>
auch	w1590
</connecteds>
<connecteds>
durch	w1591
</connecteds>
<connecteds>
gut	w1592
</connecteds>
<connecteds>
<g/>
=	w1593
<g/>
</connecteds>
<connecteds>
hertzigen	w1594
</connecteds>
<connecteds>
Beytrag	w1595
</connecteds>
<connecteds>
ver=schiedenen	w1596
</connecteds>
<connecteds>
<g/>
=	w1597
<g/>
</connecteds>
<connecteds>
Andächtigen	w1598
</connecteds>
<connecteds>
alldaselbst	w1599
</connecteds>
<connecteds>
ein	w1600
</connecteds>
<connecteds>
grösseres	w1601
</connecteds>
<connecteds>
Gebäude	w1602
</connecteds>
<connecteds>
<g/>
/	w1603
<g/>
</connecteds>
<connecteds>
endlichen	w1604
</connecteds>
<connecteds>
auch	w1605
</connecteds>
<connecteds>
so	w1606
</connecteds>
<connecteds>
gar	w1607
</connecteds>
<connecteds>
eine	w1608
</connecteds>
<connecteds>
Kirche	w1609
</connecteds>
<connecteds>
gestiftet	w1610
</connecteds>
<connecteds>
worden	w1611
</connecteds>
<connecteds>
<g/>
/	w1612
<g/>
</connecteds>
<connecteds>
als	w1613
</connecteds>
<connecteds>
hat	w1614
</connecteds>
<connecteds>
dieses	w1615
</connecteds>
<connecteds>
frommen	w1616
</connecteds>
<connecteds>
Orts	w1617
</connecteds>
<connecteds>
Verordneter	w1618
</connecteds>
<connecteds>
Monsig	w1619
</connecteds>
<connecteds>
<g/>
.	w1620
<g/>
</connecteds>
<connecteds>
Cremona	w1621
</connecteds>
<connecteds>
Valdina	w1622
</connecteds>
<connecteds>
Bischof	w1623
</connecteds>
<connecteds>
zu	w1624
</connecteds>
<connecteds>
Hermopolis	w1625
</connecteds>
<connecteds>
<g/>
/	w1626
<g/>
</connecteds>
<connecteds>
beschlossen	w1627
</connecteds>
<connecteds>
<g/>
/	w1628
<g/>
</connecteds>
<connecteds>
erst	w1629
</connecteds>
<connecteds>
<g/>
=	w1630
<g/>
</connecteds>
<connecteds>
gedach=te	w1631
</connecteds>
<connecteds>
<g/>
=	w1632
<g/>
</connecteds>
<connecteds>
neue	w1633
</connecteds>
<connecteds>
Kirche	w1634
</connecteds>
<connecteds>
mit	w1635
</connecteds>
<connecteds>
denen	w1636
</connecteds>
<connecteds>
gewöhnlichen	w1637
</connecteds>
<connecteds>
Ceremonien	w1638
</connecteds>
<connecteds>
einzuweihen	w1639
</connecteds>
<connecteds>
<g/>
/	w1640
<g/>
</connecteds>
<connecteds>
und	w1641
</connecteds>
<connecteds>
hat	w1642
</connecteds>
<connecteds>
sel=ber	w1643
</connecteds>
<connecteds>
<g/>
=	w1644
<g/>
</connecteds>
<connecteds>
demnach	w1645
</connecteds>
<connecteds>
Dienstags	w1646
</connecteds>
<connecteds>
Nach	w1647
</connecteds>
<connecteds>
<g/>
=	w1648
<g/>
</connecteds>
<connecteds>
mittag	w1649
</connecteds>
<connecteds>
die	w1650
</connecteds>
<connecteds>
Reliquien	w1651
</connecteds>
<connecteds>
deren	w1652
</connecteds>
<connecteds>
Heil	w1653
</connecteds>
<connecteds>
<g/>
.	w1654
<g/>
</connecteds>
<connecteds>
Martyrern	w1655
</connecteds>
<connecteds>
Cölestini	w1656
</connecteds>
<connecteds>
<g/>
/	w1657
<g/>
</connecteds>
<connecteds>
Felicis	w1658
</connecteds>
<connecteds>
<g/>
/	w1659
<g/>
</connecteds>
<connecteds>
und	w1660
</connecteds>
<connecteds>
Theophili	w1661
</connecteds>
<connecteds>
all=da	w1662
</connecteds>
<connecteds>
<g/>
=	w1663
<g/>
</connecteds>
<connecteds>
in	w1664
</connecteds>
<connecteds>
der	w1665
</connecteds>
<connecteds>
oberen	w1666
</connecteds>
<connecteds>
Cappelle	w1667
</connecteds>
<connecteds>
des	w1668
</connecteds>
<connecteds>
Spitals	w1669
</connecteds>
<connecteds>
<g/>
/	w1670
<g/>
</connecteds>
<connecteds>
alwo	w1671
</connecteds>
<connecteds>
ein	w1672
</connecteds>
<connecteds>
wunderthättiges	w1673
</connecteds>
<connecteds>
Frauen	w1674
</connecteds>
<connecteds>
<g/>
=	w1675
<g/>
</connecteds>
<connecteds>
Bild	w1676
</connecteds>
<connecteds>
verehret	w1677
</connecteds>
<connecteds>
wird	w1678
</connecteds>
<connecteds>
<g/>
/	w1679
<g/>
</connecteds>
<connecteds>
zur	w1680
</connecteds>
<connecteds>
gewöhnlichen	w1681
</connecteds>
<connecteds>
Vigil	w1682
</connecteds>
<connecteds>
ausgesetzet	w1683
</connecteds>
<connecteds>
<g/>
;	w1684
<g/>
</connecteds>
<connecteds>
sodann	w1685
</connecteds>
<connecteds>
Mittwochs	w1686
</connecteds>
<connecteds>
darauf	w1687
</connecteds>
<connecteds>
die	w1688
</connecteds>
<connecteds>
neue	w1689
</connecteds>
<connecteds>
Kirche	w1690
</connecteds>
<connecteds>
<g/>
/	w1691
<g/>
</connecteds>
<connecteds>
wie	w1692
</connecteds>
<connecteds>
auch	w1693
</connecteds>
<connecteds>
einen	w1694
</connecteds>
<connecteds>
allda	w1695
</connecteds>
<connecteds>
errichteten	w1696
</connecteds>
<connecteds>
kostbaren	w1697
</connecteds>
<connecteds>
Altar	w1698
</connecteds>
<connecteds>
ein=geweihet	w1699
</connecteds>
<connecteds>
<g/>
=	w1700
<g/>
</connecteds>
<connecteds>
<g/>
/	w1701
<g/>
</connecteds>
<connecteds>
und	w1702
</connecteds>
<connecteds>
erwehnte	w1703
</connecteds>
<connecteds>
Reliquien	w1704
</connecteds>
<connecteds>
da=hin	w1705
</connecteds>
<connecteds>
<g/>
=	w1706
<g/>
</connecteds>
<connecteds>
ein	w1707
</connecteds>
<connecteds>
<g/>
=	w1708
<g/>
</connecteds>
<connecteds>
geleget	w1709
</connecteds>
<connecteds>
<g/>
/	w1710
<g/>
</connecteds>
<connecteds>
endlichen	w1711
</connecteds>
<connecteds>
auch	w1712
</connecteds>
<connecteds>
nach	w1713
</connecteds>
<connecteds>
vollendeter	w1714
</connecteds>
<connecteds>
sothaner	w1715
</connecteds>
<connecteds>
Einweihungs	w1716
</connecteds>
<connecteds>
<g/>
=	w1717
<g/>
</connecteds>
<connecteds>
Function	w1718
</connecteds>
<connecteds>
in	w1719
</connecteds>
<connecteds>
beywohnung	w1720
</connecteds>
<connecteds>
vieler	w1721
</connecteds>
<connecteds>
Gut=thättern	w1722
</connecteds>
<connecteds>
<g/>
=	w1723
<g/>
</connecteds>
<connecteds>
dieses	w1724
</connecteds>
<connecteds>
Orts	w1725
</connecteds>
<connecteds>
<g/>
/	w1726
<g/>
</connecteds>
<connecteds>
worunter	w1727
</connecteds>
<connecteds>
der	w1728
</connecteds>
<connecteds>
Fürst	w1729
</connecteds>
<connecteds>
Altieri	w1730
</connecteds>
<connecteds>
<g/>
/	w1731
<g/>
</connecteds>
<connecteds>
als	w1732
</connecteds>
<connecteds>
Prior	w1733
</connecteds>
<connecteds>
deren	w1734
</connecteds>
<connecteds>
Verord=neten	w1735
</connecteds>
<connecteds>
<g/>
=	w1736
<g/>
</connecteds>
<connecteds>
ware	w1737
</connecteds>
<connecteds>
<g/>
/	w1738
<g/>
</connecteds>
<connecteds>
das	w1739
</connecteds>
<connecteds>
schon	w1740
</connecteds>
<connecteds>
<g/>
=	w1741
<g/>
</connecteds>
<connecteds>
erwehnte	w1742
</connecteds>
<connecteds>
Frau=en	w1743
</connecteds>
<connecteds>
<g/>
=	w1744
<g/>
</connecteds>
<connecteds>
<g/>
=	w1745
<g/>
</connecteds>
<connecteds>
Bild	w1746
</connecteds>
<connecteds>
aus	w1747
</connecteds>
<connecteds>
der	w1748
</connecteds>
<connecteds>
oberen	w1749
</connecteds>
<connecteds>
Cappelle	w1750
</connecteds>
<connecteds>
zwi=schen	w1751
</connecteds>
<connecteds>
<g/>
=	w1752
<g/>
</connecteds>
<connecteds>
vielen	w1753
</connecteds>
<connecteds>
Wind	w1754
</connecteds>
<connecteds>
<g/>
=	w1755
<g/>
</connecteds>
<connecteds>
Lichtern	w1756
</connecteds>
<connecteds>
in	w1757
</connecteds>
<connecteds>
die	w1758
</connecteds>
<connecteds>
neue	w1759
</connecteds>
<connecteds>
Kirche	w1760
</connecteds>
<connecteds>
übertragen	w1761
</connecteds>
<connecteds>
<g/>
/	w1762
<g/>
</connecteds>
<connecteds>
und	w1763
</connecteds>
<connecteds>
allda	w1764
</connecteds>
<connecteds>
auf	w1765
</connecteds>
<connecteds>
dem	w1766
</connecteds>
<connecteds>
besagt	w1767
</connecteds>
<connecteds>
neuen	w1768
</connecteds>
<connecteds>
Altar	w1769
</connecteds>
<connecteds>
zur	w1770
</connecteds>
<connecteds>
offentlichen	w1771
</connecteds>
<connecteds>
Verehrung	w1772
</connecteds>
<connecteds>
ausgesetzet	w1773
</connecteds>
<connecteds>
<g/>
.	w1774
<g/>
</connecteds>
</p>
<p id="p21">
Donnerstag	w1775
<connecteds>
Abends	w1776
</connecteds>
<connecteds>
kame	w1777
</connecteds>
<connecteds>
in	w1778
</connecteds>
<connecteds>
der	w1779
</connecteds>
<connecteds>
Schupfe	w1780
</connecteds>
<connecteds>
des	w1781
</connecteds>
<connecteds>
wirtshauses	w1782
</connecteds>
<connecteds>
del	w1783
</connecteds>
<connecteds>
Sole	w1784
</connecteds>
<connecteds>
unweit	w1785
</connecteds>
<connecteds>
Maria	w1786
</connecteds>
<connecteds>
rotonda	w1787
</connecteds>
<connecteds>
unversehens	w1788
</connecteds>
<connecteds>
Feuer	w1789
</connecteds>
<connecteds>
aus	w1790
</connecteds>
<connecteds>
<g/>
/	w1791
<g/>
</connecteds>
<connecteds>
und	w1792
</connecteds>
<connecteds>
wurde	w1793
</connecteds>
<connecteds>
andurch	w1794
</connecteds>
<connecteds>
sehr	w1795
</connecteds>
</p>
<p id="p22">
vieles	w1796
<connecteds>
alda	w1797
</connecteds>
<connecteds>
sich	w1798
</connecteds>
<connecteds>
befundenes	w1799
</connecteds>
<connecteds>
Heu	w1800
</connecteds>
<connecteds>
und	w1801
</connecteds>
<connecteds>
anderer	w1802
</connecteds>
<connecteds>
verbrennlicher	w1803
</connecteds>
<connecteds>
Hauß	w1804
</connecteds>
<connecteds>
<g/>
=	w1805
<g/>
</connecteds>
<connecteds>
Rath	w1806
</connecteds>
<connecteds>
in	w1807
</connecteds>
<connecteds>
die	w1808
</connecteds>
<connecteds>
Asche	w1809
</connecteds>
<connecteds>
geleget	w1810
</connecteds>
<connecteds>
<g/>
/	w1811
<g/>
</connecteds>
<connecteds>
weilen	w1812
</connecteds>
<connecteds>
aber	w1813
</connecteds>
<connecteds>
gar	w1814
</connecteds>
<connecteds>
bald	w1815
</connecteds>
<connecteds>
die	w1816
</connecteds>
<connecteds>
Päpstl	w1817
</connecteds>
<connecteds>
<g/>
.	w1818
<g/>
</connecteds>
<connecteds>
Soldaten	w1819
</connecteds>
<connecteds>
darzu	w1820
</connecteds>
<connecteds>
gekom=men	w1821
</connecteds>
<connecteds>
<g/>
=	w1822
<g/>
</connecteds>
<connecteds>
<g/>
/	w1823
<g/>
</connecteds>
<connecteds>
und	w1824
</connecteds>
<connecteds>
die	w1825
</connecteds>
<connecteds>
benöhtigten	w1826
</connecteds>
<connecteds>
Gegen	w1827
</connecteds>
<connecteds>
<g/>
=	w1828
<g/>
</connecteds>
<connecteds>
An=stalten	w1829
</connecteds>
<connecteds>
<g/>
=	w1830
<g/>
</connecteds>
<connecteds>
wider	w1831
</connecteds>
<connecteds>
das	w1832
</connecteds>
<connecteds>
weitere	w1833
</connecteds>
<connecteds>
Umgreiffen	w1834
</connecteds>
<connecteds>
deren	w1835
</connecteds>
<connecteds>
Flammen	w1836
</connecteds>
<connecteds>
gemacht	w1837
</connecteds>
<connecteds>
worden	w1838
</connecteds>
<connecteds>
<g/>
/	w1839
<g/>
</connecteds>
<connecteds>
als	w1840
</connecteds>
<connecteds>
ist	w1841
</connecteds>
<connecteds>
weiters	w1842
</connecteds>
<connecteds>
kein	w1843
</connecteds>
<connecteds>
sonderlicher	w1844
</connecteds>
<connecteds>
Schade	w1845
</connecteds>
<connecteds>
geschehen	w1846
</connecteds>
<connecteds>
<g/>
.	w1847
<g/>
</connecteds>
</p>
<head id="hl12">
Florentz	w1848
<connecteds>
12	w1849
</connecteds>
<connecteds>
<g/>
.	w1850
<g/>
</connecteds>
<connecteds>
Dec	w1851
</connecteds>
<connecteds>
<g/>
.	w1852
<g/>
</connecteds>
</head>
<p id="p23">
Dienstags	w1853
<connecteds>
<g/>
/	w1854
<g/>
</connecteds>
<connecteds>
als	w1855
</connecteds>
<connecteds>
an	w1856
</connecteds>
<connecteds>
dem	w1857
</connecteds>
<connecteds>
hohen	w1858
</connecteds>
<connecteds>
Ge=burts	w1859
</connecteds>
<connecteds>
<g/>
=	w1860
<g/>
</connecteds>
<connecteds>
<g/>
=	w1861
<g/>
</connecteds>
<connecteds>
Tag	w1862
</connecteds>
<connecteds>
unsers	w1863
</connecteds>
<connecteds>
Groß	w1864
</connecteds>
<connecteds>
<g/>
=	w1865
<g/>
</connecteds>
<connecteds>
Hertzogs	w1866
</connecteds>
<connecteds>
sahe	w1867
</connecteds>
<connecteds>
man	w1868
</connecteds>
<connecteds>
den	w1869
</connecteds>
<connecteds>
alhiesigen	w1870
</connecteds>
<connecteds>
gesammten	w1871
</connecteds>
<connecteds>
Adel	w1872
</connecteds>
<connecteds>
in	w1873
</connecteds>
<connecteds>
prächtiger	w1874
</connecteds>
<connecteds>
Gala	w1875
</connecteds>
<connecteds>
<g/>
/	w1876
<g/>
</connecteds>
<connecteds>
und	w1877
</connecteds>
<connecteds>
der	w1878
</connecteds>
<connecteds>
Fürst	w1879
</connecteds>
<connecteds>
v	w1880
</connecteds>
<connecteds>
<g/>
.	w1881
<g/>
</connecteds>
<connecteds>
Craon	w1882
</connecteds>
<connecteds>
empfienge	w1883
</connecteds>
<connecteds>
die	w1884
</connecteds>
<connecteds>
Glükwünschungs	w1885
</connecteds>
<connecteds>
<g/>
=	w1886
<g/>
</connecteds>
<connecteds>
Complimenten	w1887
</connecteds>
<connecteds>
<g/>
.	w1888
<g/>
</connecteds>
<connecteds>
Der	w1889
</connecteds>
<connecteds>
Magistrat	w1890
</connecteds>
<connecteds>
er=schiene	w1891
</connecteds>
<connecteds>
<g/>
=	w1892
<g/>
</connecteds>
<connecteds>
diesen	w1893
</connecteds>
<connecteds>
Tag	w1894
</connecteds>
<connecteds>
mit	w1895
</connecteds>
<connecteds>
offentlichen	w1896
</connecteds>
<connecteds>
Ge=pränge	w1897
</connecteds>
<connecteds>
<g/>
=	w1898
<g/>
</connecteds>
<connecteds>
in	w1899
</connecteds>
<connecteds>
der	w1900
</connecteds>
<connecteds>
Dom	w1901
</connecteds>
<connecteds>
<g/>
=	w1902
<g/>
</connecteds>
<connecteds>
Kirche	w1903
</connecteds>
<connecteds>
bey	w1904
</connecteds>
<connecteds>
dem	w1905
</connecteds>
<connecteds>
Hoch	w1906
</connecteds>
<connecteds>
<g/>
=	w1907
<g/>
</connecteds>
<connecteds>
Amt	w1908
</connecteds>
<connecteds>
<g/>
/	w1909
<g/>
</connecteds>
<connecteds>
und	w1910
</connecteds>
<connecteds>
Abends	w1911
</connecteds>
<connecteds>
sahe	w1912
</connecteds>
<connecteds>
man	w1913
</connecteds>
<connecteds>
verschiedene	w1914
</connecteds>
<connecteds>
schöne	w1915
</connecteds>
<connecteds>
Feuer	w1916
</connecteds>
<connecteds>
<g/>
=	w1917
<g/>
</connecteds>
<connecteds>
Werke	w1918
</connecteds>
<connecteds>
<g/>
/	w1919
<g/>
</connecteds>
<connecteds>
und	w1920
</connecteds>
<connecteds>
Beleuchtungen	w1921
</connecteds>
<connecteds>
<g/>
/	w1922
<g/>
</connecteds>
<connecteds>
desgleichen	w1923
</connecteds>
<connecteds>
wurden	w1924
</connecteds>
<connecteds>
die	w1925
</connecteds>
<connecteds>
Stüke	w1926
</connecteds>
<connecteds>
auf	w1927
</connecteds>
<connecteds>
denen	w1928
</connecteds>
<connecteds>
Wällen	w1929
</connecteds>
<connecteds>
des	w1930
</connecteds>
<connecteds>
Castells	w1931
</connecteds>
<connecteds>
von	w1932
</connecteds>
<connecteds>
St	w1933
</connecteds>
<connecteds>
<g/>
.	w1934
<g/>
</connecteds>
<connecteds>
Johann	w1935
</connecteds>
<connecteds>
Baptist	w1936
</connecteds>
<connecteds>
gewöhnli=cher	w1937
</connecteds>
<connecteds>
<g/>
=	w1938
<g/>
</connecteds>
<connecteds>
massen	w1939
</connecteds>
<connecteds>
abgefeuret	w1940
</connecteds>
<connecteds>
<g/>
.	w1941
<g/>
</connecteds>
</p>
<head id="hl13">
Genua	w1942
<connecteds>
12	w1943
</connecteds>
<connecteds>
<g/>
.	w1944
<g/>
</connecteds>
<connecteds>
Dec	w1945
</connecteds>
<connecteds>
<g/>
.	w1946
<g/>
</connecteds>
</head>
<p id="p24">
Sonntags	w1947
<connecteds>
kame	w1948
</connecteds>
<connecteds>
ein	w1949
</connecteds>
<connecteds>
Engländisches	w1950
</connecteds>
<connecteds>
Schiffe	w1951
</connecteds>
<connecteds>
in	w1952
</connecteds>
<connecteds>
5	w1953
</connecteds>
<connecteds>
<g/>
.	w1954
<g/>
</connecteds>
<connecteds>
Tagen	w1955
</connecteds>
<connecteds>
von	w1956
</connecteds>
<connecteds>
Porto	w1957
</connecteds>
<connecteds>
Ma=hon	w1958
</connecteds>
<connecteds>
<g/>
=	w1959
<g/>
</connecteds>
<connecteds>
alhier	w1960
</connecteds>
<connecteds>
an	w1961
</connecteds>
<connecteds>
<g/>
/	w1962
<g/>
</connecteds>
<connecteds>
der	w1963
</connecteds>
<connecteds>
Capitan	w1964
</connecteds>
<connecteds>
davon	w1965
</connecteds>
<connecteds>
meldete	w1966
</connecteds>
<connecteds>
<g/>
/	w1967
<g/>
</connecteds>
<connecteds>
daß	w1968
</connecteds>
<connecteds>
er	w1969
</connecteds>
<connecteds>
in	w1970
</connecteds>
<connecteds>
besagtem	w1971
</connecteds>
<connecteds>
Hafen	w1972
</connecteds>
<connecteds>
von	w1973
</connecteds>
<connecteds>
Porto	w1974
</connecteds>
<connecteds>
Mahon	w1975
</connecteds>
<connecteds>
5	w1976
</connecteds>
<connecteds>
<g/>
.	w1977
<g/>
</connecteds>
<connecteds>
Kriegs	w1978
</connecteds>
<connecteds>
<g/>
=	w1979
<g/>
</connecteds>
<connecteds>
Fregat=ten	w1980
</connecteds>
<connecteds>
<g/>
=	w1981
<g/>
</connecteds>
<connecteds>
seiner	w1982
</connecteds>
<connecteds>
Nation	w1983
</connecteds>
<connecteds>
hinterlassen	w1984
</connecteds>
<connecteds>
<g/>
/	w1985
<g/>
</connecteds>
<connecteds>
welche	w1986
</connecteds>
<connecteds>
sowol	w1987
</connecteds>
<connecteds>
in	w1988
</connecteds>
<connecteds>
diesem	w1989
</connecteds>
<connecteds>
<g/>
/	w1990
<g/>
</connecteds>
<connecteds>
als	w1991
</connecteds>
<connecteds>
dem	w1992
</connecteds>
<connecteds>
Gewässer	w1993
</connecteds>
<connecteds>
von	w1994
</connecteds>
<connecteds>
Corsica	w1995
</connecteds>
<connecteds>
kreutzen	w1996
</connecteds>
<connecteds>
sollen	w1997
</connecteds>
<connecteds>
<g/>
.	w1998
<g/>
</connecteds>
</p>
<p id="p25">
Montags	w1999
<connecteds>
kame	w2000
</connecteds>
<connecteds>
der	w2001
</connecteds>
<connecteds>
Marches	w2002
</connecteds>
<connecteds>
Fog=lioni	w2003
</connecteds>
<connecteds>
<g/>
=	w2004
<g/>
</connecteds>
<connecteds>
<g/>
/	w2005
<g/>
</connecteds>
<connecteds>
Königl	w2006
</connecteds>
<connecteds>
<g/>
.	w2007
<g/>
</connecteds>
<connecteds>
Neapolitanischer	w2008
</connecteds>
<connecteds>
Bot=schafter	w2009
</connecteds>
<connecteds>
<g/>
=	w2010
<g/>
</connecteds>
<connecteds>
von	w2011
</connecteds>
<connecteds>
Placenz	w2012
</connecteds>
<connecteds>
<g/>
/	w2013
<g/>
</connecteds>
<connecteds>
als	w2014
</connecteds>
<connecteds>
seinem	w2015
</connecteds>
<connecteds>
Vat=terland	w2016
</connecteds>
<connecteds>
<g/>
=	w2017
<g/>
</connecteds>
<connecteds>
hieher	w2018
</connecteds>
<connecteds>
zurüke	w2019
</connecteds>
<connecteds>
<g/>
.	w2020
<g/>
</connecteds>
</p>
<p id="p26">
Donnerstags	w2021
<connecteds>
kamen	w2022
</connecteds>
<connecteds>
2	w2023
</connecteds>
<connecteds>
<g/>
.	w2024
<g/>
</connecteds>
<connecteds>
Frantzösische	w2025
</connecteds>
<connecteds>
Tartanen	w2026
</connecteds>
<connecteds>
mit	w2027
</connecteds>
<connecteds>
verschiedenen	w2028
</connecteds>
<connecteds>
Waaren	w2029
</connecteds>
<connecteds>
<g/>
/	w2030
<g/>
</connecteds>
<connecteds>
so	w2031
</connecteds>
<connecteds>
sie	w2032
</connecteds>
<connecteds>
in	w2033
</connecteds>
<connecteds>
Cagliari	w2034
</connecteds>
<connecteds>
geladen	w2035
</connecteds>
<connecteds>
<g/>
/	w2036
<g/>
</connecteds>
<connecteds>
alhier	w2037
</connecteds>
<connecteds>
an	w2038
</connecteds>
<connecteds>
<g/>
/	w2039
<g/>
</connecteds>
<connecteds>
und	w2040
</connecteds>
<connecteds>
weilen	w2041
</connecteds>
<connecteds>
sie	w2042
</connecteds>
<connecteds>
wegen	w2043
</connecteds>
<connecteds>
widrigen	w2044
</connecteds>
<connecteds>
Gewit=ters	w2045
</connecteds>
<connecteds>
<g/>
=	w2046
<g/>
</connecteds>
<connecteds>
den	w2047
</connecteds>
<connecteds>
Porto	w2048
</connecteds>
<connecteds>
Venere	w2049
</connecteds>
<connecteds>
berühret	w2050
</connecteds>
<connecteds>
<g/>
/	w2051
<g/>
</connecteds>
<connecteds>
als	w2052
</connecteds>
<connecteds>
berichteten	w2053
</connecteds>
<connecteds>
die	w2054
</connecteds>
<connecteds>
Patronen	w2055
</connecteds>
<connecteds>
<g/>
/	w2056
<g/>
</connecteds>
<connecteds>
daß	w2057
</connecteds>
<connecteds>
der	w2058
</connecteds>
<connecteds>
je jenige	w2059
</connecteds>
<connecteds>
<g/>
=	w2060
<g/>
</connecteds>
</p>
<p id="p27">
nige	w2063
<connecteds>
Cattalanische	w2064
</connecteds>
<connecteds>
See	w2065
</connecteds>
<connecteds>
<g/>
=	w2066
<g/>
</connecteds>
<connecteds>
Beuter	w2067
</connecteds>
<connecteds>
<g/>
/	w2068
<g/>
</connecteds>
<connecteds>
wel=cher	w2069
</connecteds>
<connecteds>
<g/>
=	w2070
<g/>
</connecteds>
<connecteds>
die	w2071
</connecteds>
<connecteds>
vergangene	w2072
</connecteds>
<connecteds>
Wochen	w2073
</connecteds>
<connecteds>
eine	w2074
</connecteds>
<connecteds>
Eng=ländische	w2075
</connecteds>
<connecteds>
<g/>
=	w2076
<g/>
</connecteds>
<connecteds>
Tartane	w2077
</connecteds>
<connecteds>
in	w2078
</connecteds>
<connecteds>
letzt	w2079
</connecteds>
<connecteds>
<g/>
=	w2080
<g/>
</connecteds>
<connecteds>
erwehnten	w2081
</connecteds>
<connecteds>
Hafen	w2082
</connecteds>
<connecteds>
aufgebracht	w2083
</connecteds>
<connecteds>
<g/>
/	w2084
<g/>
</connecteds>
<connecteds>
auch	w2085
</connecteds>
<connecteds>
seit	w2086
</connecteds>
<connecteds>
deme	w2087
</connecteds>
<connecteds>
ei=ne	w2088
</connecteds>
<connecteds>
<g/>
=	w2089
<g/>
</connecteds>
<connecteds>
Engländische	w2090
</connecteds>
<connecteds>
Kauffardey	w2091
</connecteds>
<connecteds>
<g/>
=	w2092
<g/>
</connecteds>
<connecteds>
Polake	w2093
</connecteds>
<connecteds>
<g/>
/	w2094
<g/>
</connecteds>
<connecteds>
so	w2095
</connecteds>
<connecteds>
von	w2096
</connecteds>
<connecteds>
Alexandria	w2097
</connecteds>
<connecteds>
gekommen	w2098
</connecteds>
<connecteds>
<g/>
/	w2099
<g/>
</connecteds>
<connecteds>
und	w2100
</connecteds>
<connecteds>
mit	w2101
</connecteds>
<connecteds>
Seiden	w2102
</connecteds>
<connecteds>
<g/>
/	w2103
<g/>
</connecteds>
<connecteds>
Wolle	w2104
</connecteds>
<connecteds>
<g/>
/	w2105
<g/>
</connecteds>
<connecteds>
Wax	w2106
</connecteds>
<connecteds>
<g/>
/	w2107
<g/>
</connecteds>
<connecteds>
und	w2108
</connecteds>
<connecteds>
an=deren	w2109
</connecteds>
<connecteds>
<g/>
=	w2110
<g/>
</connecteds>
<connecteds>
Waaren	w2111
</connecteds>
<connecteds>
beladen	w2112
</connecteds>
<connecteds>
ware	w2113
</connecteds>
<connecteds>
<g/>
/	w2114
<g/>
</connecteds>
<connecteds>
weg=genommen	w2115
</connecteds>
<connecteds>
<g/>
=	w2116
<g/>
</connecteds>
<connecteds>
habe	w2117
</connecteds>
<connecteds>
<g/>
.	w2118
<g/>
</connecteds>
</p>
<head id="hl14">
Venedig	w2119
<connecteds>
19	w2120
</connecteds>
<connecteds>
<g/>
.	w2121
<g/>
</connecteds>
<connecteds>
December	w2122
</connecteds>
<connecteds>
<g/>
.	w2123
<g/>
</connecteds>
</head>
<p id="p28">
Die	w2124
<connecteds>
jüngst	w2125
</connecteds>
<connecteds>
<g/>
=	w2126
<g/>
</connecteds>
<connecteds>
gemeldete	w2127
</connecteds>
<connecteds>
Schiffe	w2128
</connecteds>
<connecteds>
<g/>
/	w2129
<g/>
</connecteds>
<connecteds>
so	w2130
</connecteds>
<connecteds>
aus	w2131
</connecteds>
<connecteds>
Levante	w2132
</connecteds>
<connecteds>
gekommen	w2133
</connecteds>
<connecteds>
<g/>
/	w2134
<g/>
</connecteds>
<connecteds>
und	w2135
</connecteds>
<connecteds>
sich	w2136
</connecteds>
<connecteds>
in	w2137
</connecteds>
<connecteds>
denen	w2138
</connecteds>
<connecteds>
Jstrianischen	w2139
</connecteds>
<connecteds>
Häfen	w2140
</connecteds>
<connecteds>
befinden	w2141
</connecteds>
<connecteds>
<g/>
/	w2142
<g/>
</connecteds>
<connecteds>
werden	w2143
</connecteds>
<connecteds>
alldaselbst	w2144
</connecteds>
<connecteds>
noch	w2145
</connecteds>
<connecteds>
immer	w2146
</connecteds>
<connecteds>
von	w2147
</connecteds>
<connecteds>
de=nen	w2148
</connecteds>
<connecteds>
<g/>
=	w2149
<g/>
</connecteds>
<connecteds>
widrigen	w2150
</connecteds>
<connecteds>
Winden	w2151
</connecteds>
<connecteds>
zuruck	w2152
</connecteds>
<connecteds>
gehalten	w2153
</connecteds>
<connecteds>
<g/>
/	w2154
<g/>
</connecteds>
<connecteds>
und	w2155
</connecteds>
<connecteds>
können	w2156
</connecteds>
<connecteds>
also	w2157
</connecteds>
<connecteds>
nicht	w2158
</connecteds>
<connecteds>
in	w2159
</connecteds>
<connecteds>
diesen	w2160
</connecteds>
<connecteds>
Hafen	w2161
</connecteds>
<connecteds>
einlauffen	w2162
</connecteds>
<connecteds>
<g/>
.	w2163
<g/>
</connecteds>
</p>
<p id="p29">
Donnerstags	w2164
<connecteds>
wurde	w2165
</connecteds>
<connecteds>
die	w2166
</connecteds>
<connecteds>
alhiesige	w2167
</connecteds>
<connecteds>
Lotterie	w2168
</connecteds>
<connecteds>
gezogen	w2169
</connecteds>
<connecteds>
<g/>
/	w2170
<g/>
</connecteds>
<connecteds>
und	w2171
</connecteds>
<connecteds>
kamen	w2172
</connecteds>
<connecteds>
die	w2173
</connecteds>
<connecteds>
Loosse	w2174
</connecteds>
<connecteds>
66	w2175
</connecteds>
<connecteds>
<g/>
.	w2176
<g/>
</connecteds>
<connecteds>
<g/>
/	w2177
<g/>
</connecteds>
<connecteds>
52	w2178
</connecteds>
<connecteds>
<g/>
.	w2179
<g/>
</connecteds>
<connecteds>
<g/>
/	w2180
<g/>
</connecteds>
<connecteds>
7	w2181
</connecteds>
<connecteds>
<g/>
.	w2182
<g/>
</connecteds>
<connecteds>
<g/>
/	w2183
<g/>
</connecteds>
<connecteds>
61	w2184
</connecteds>
<connecteds>
<g/>
.	w2185
<g/>
</connecteds>
<connecteds>
<g/>
/	w2186
<g/>
</connecteds>
<connecteds>
und	w2187
</connecteds>
<connecteds>
30	w2188
</connecteds>
<connecteds>
<g/>
.	w2189
<g/>
</connecteds>
<connecteds>
heraus	w2190
</connecteds>
<connecteds>
<g/>
.	w2191
<g/>
</connecteds>
<connecteds>
Die	w2192
</connecteds>
<connecteds>
künftige	w2193
</connecteds>
<connecteds>
Lotterie	w2194
</connecteds>
<connecteds>
soll	w2195
</connecteds>
<connecteds>
im	w2196
</connecteds>
<connecteds>
Monat	w2197
</connecteds>
<connecteds>
Jenner	w2198
</connecteds>
<connecteds>
gezogen	w2199
</connecteds>
<connecteds>
werden	w2200
</connecteds>
<connecteds>
<g/>
.	w2201
<g/>
</connecteds>
</p>
<head id="hl15">
Aus	w2202
<connecteds>
Groß	w2203
</connecteds>
<connecteds>
<g/>
=	w2204
<g/>
</connecteds>
<connecteds>
Brittannien	w2205
</connecteds>
<connecteds>
<g/>
.	w2206
<g/>
</connecteds>
</head>
<head id="hl16">
Londen	w2207
<connecteds>
11	w2208
</connecteds>
<connecteds>
<g/>
.	w2209
<g/>
</connecteds>
<connecteds>
December	w2210
</connecteds>
<connecteds>
<g/>
.	w2211
<g/>
</connecteds>
</head>
<p id="p30">
Da	w2212
<connecteds>
den	w2213
</connecteds>
<connecteds>
9	w2214
</connecteds>
<connecteds>
<g/>
.	w2215
<g/>
</connecteds>
<connecteds>
dieses	w2216
</connecteds>
<connecteds>
das	w2217
</connecteds>
<connecteds>
Unter	w2218
</connecteds>
<connecteds>
<g/>
=	w2219
<g/>
</connecteds>
<connecteds>
Haus	w2220
</connecteds>
<connecteds>
des	w2221
</connecteds>
<connecteds>
Parlaments	w2222
</connecteds>
<connecteds>
in	w2223
</connecteds>
<connecteds>
einer	w2224
</connecteds>
<connecteds>
grossen	w2225
</connecteds>
<connecteds>
Com=mission	w2226
</connecteds>
<connecteds>
<g/>
=	w2227
<g/>
</connecteds>
<connecteds>
sich	w2228
</connecteds>
<connecteds>
über	w2229
</connecteds>
<connecteds>
die	w2230
</connecteds>
<connecteds>
Aufbringung	w2231
</connecteds>
<connecteds>
de=rer	w2232
</connecteds>
<connecteds>
<g/>
=	w2233
<g/>
</connecteds>
<connecteds>
Beyhülfs	w2234
</connecteds>
<connecteds>
<g/>
=	w2235
<g/>
</connecteds>
<connecteds>
Geldern	w2236
</connecteds>
<connecteds>
berahten	w2237
</connecteds>
<connecteds>
<g/>
/	w2238
<g/>
</connecteds>
<connecteds>
wur=de	w2239
</connecteds>
<connecteds>
<g/>
=	w2240
<g/>
</connecteds>
<connecteds>
fest	w2241
</connecteds>
<connecteds>
gestellt	w2242
</connecteds>
<connecteds>
<g/>
/	w2243
<g/>
</connecteds>
<connecteds>
daß	w2244
</connecteds>
<connecteds>
die	w2245
</connecteds>
<connecteds>
Auflagen	w2246
</connecteds>
<connecteds>
<g/>
/	w2247
<g/>
</connecteds>
<connecteds>
wormit	w2248
</connecteds>
<connecteds>
das	w2249
</connecteds>
<connecteds>
Maltz	w2250
</connecteds>
<connecteds>
<g/>
/	w2251
<g/>
</connecteds>
<connecteds>
der	w2252
</connecteds>
<connecteds>
Rum	w2253
</connecteds>
<connecteds>
<g/>
/	w2254
<g/>
</connecteds>
<connecteds>
auch	w2255
</connecteds>
<connecteds>
der	w2256
</connecteds>
<connecteds>
Apfel	w2257
</connecteds>
<connecteds>
<g/>
/	w2258
<g/>
</connecteds>
<connecteds>
und	w2259
</connecteds>
<connecteds>
Birn	w2260
</connecteds>
<connecteds>
<g/>
=	w2261
<g/>
</connecteds>
<connecteds>
Wein	w2262
</connecteds>
<connecteds>
beschwä=ret	w2263
</connecteds>
<connecteds>
<g/>
=	w2264
<g/>
</connecteds>
<connecteds>
seynd	w2265
</connecteds>
<connecteds>
<g/>
/	w2266
<g/>
</connecteds>
<connecteds>
von	w2267
</connecteds>
<connecteds>
künftigem	w2268
</connecteds>
<connecteds>
6	w2269
</connecteds>
<connecteds>
<g/>
.	w2270
<g/>
</connecteds>
<connecteds>
Julii	w2271
</connecteds>
<connecteds>
1740	w2272
</connecteds>
<connecteds>
<g/>
.	w2273
<g/>
</connecteds>
<connecteds>
bis	w2274
</connecteds>
<connecteds>
den	w2275
</connecteds>
<connecteds>
5	w2276
</connecteds>
<connecteds>
<g/>
.	w2277
<g/>
</connecteds>
<connecteds>
Julii	w2278
</connecteds>
<connecteds>
1741	w2279
</connecteds>
<connecteds>
<g/>
.	w2280
<g/>
</connecteds>
<connecteds>
weiters	w2281
</connecteds>
<connecteds>
fort	w2282
</connecteds>
<connecteds>
dauren	w2283
</connecteds>
<connecteds>
solten	w2284
</connecteds>
<connecteds>
<g/>
;	w2285
<g/>
</connecteds>
<connecteds>
sodann	w2286
</connecteds>
<connecteds>
erfolgte	w2287
</connecteds>
<connecteds>
auch	w2288
</connecteds>
<connecteds>
der	w2289
</connecteds>
<connecteds>
fernere	w2290
</connecteds>
<connecteds>
Entschluß	w2291
</connecteds>
<connecteds>
<g/>
/	w2292
<g/>
</connecteds>
<connecteds>
daß	w2293
</connecteds>
<connecteds>
die	w2294
</connecteds>
<connecteds>
würkliche	w2295
</connecteds>
<connecteds>
Anzahl	w2296
</connecteds>
<connecteds>
derer	w2297
</connecteds>
<connecteds>
Truppen	w2298
</connecteds>
<connecteds>
<g/>
/	w2299
<g/>
</connecteds>
<connecteds>
wel=che	w2300
</connecteds>
<connecteds>
<g/>
=	w2301
<g/>
</connecteds>
<connecteds>
Groß	w2302
</connecteds>
<connecteds>
<g/>
=	w2303
<g/>
</connecteds>
<connecteds>
Brittanien	w2304
</connecteds>
<connecteds>
<g/>
/	w2305
<g/>
</connecteds>
<connecteds>
auch	w2306
</connecteds>
<connecteds>
Guernsey	w2307
</connecteds>
<connecteds>
<g/>
/	w2308
<g/>
</connecteds>
<connecteds>
und	w2309
</connecteds>
<connecteds>
Jersey	w2310
</connecteds>
<connecteds>
in	w2311
</connecteds>
<connecteds>
Garnisonen	w2312
</connecteds>
<connecteds>
<g/>
/	w2313
<g/>
</connecteds>
<connecteds>
oder	w2314
</connecteds>
<connecteds>
son=sten	w2315
</connecteds>
<connecteds>
<g/>
=	w2316
<g/>
</connecteds>
<connecteds>
zu	w2317
</connecteds>
<connecteds>
bewahren	w2318
</connecteds>
<connecteds>
haben	w2319
</connecteds>
<connecteds>
<g/>
/	w2320
<g/>
</connecteds>
<connecteds>
für	w2321
</connecteds>
<connecteds>
den	w2322
</connecteds>
<connecteds>
Dienst	w2323
</connecteds>
<connecteds>
des	w2324
</connecteds>
<connecteds>
1740sten	w2325
</connecteds>
<connecteds>
Jahrs	w2326
</connecteds>
<connecteds>
auf	w2327
</connecteds>
<connecteds>
28000	w2328
</connecteds>
<connecteds>
<g/>
.	w2329
<g/>
</connecteds>
<connecteds>
Mann	w2330
</connecteds>
<connecteds>
gesetzet	w2331
</connecteds>
<connecteds>
<g/>
/	w2332
<g/>
</connecteds>
<connecteds>
und	w2333
</connecteds>
<connecteds>
dem	w2334
</connecteds>
<connecteds>
König	w2335
</connecteds>
<connecteds>
für	w2336
</connecteds>
<connecteds>
den	w2337
</connecteds>
<connecteds>
Un=terhalt	w2338
</connecteds>
<connecteds>
<g/>
=	w2339
<g/>
</connecteds>
<connecteds>
dieser	w2340
</connecteds>
<connecteds>
Truppen	w2341
</connecteds>
<connecteds>
860150	w2342
</connecteds>
<connecteds>
<g/>
.	w2343
<g/>
</connecteds>
<connecteds>
Pf	w2344
</connecteds>
<connecteds>
<g/>
.	w2345
<g/>
</connecteds>
<connecteds>
Sterlings	w2346
</connecteds>
<connecteds>
<g/>
/	w2347
<g/>
</connecteds>
<connecteds>
10	w2348
</connecteds>
<connecteds>
<g/>
.	w2349
<g/>
</connecteds>
<connecteds>
Schiling	w2350
</connecteds>
<connecteds>
<g/>
/	w2351
<g/>
</connecteds>
<connecteds>
und	w2352
</connecteds>
<connecteds>
5	w2353
</connecteds>
<connecteds>
<g/>
.	w2354
<g/>
</connecteds>
<connecteds>
hal halben	w2355
</connecteds>
<connecteds>
<g/>
=	w2356
<g/>
</connecteds>
</p>
<p id="p31">
ben	w2357
<connecteds>
Sols	w2358
</connecteds>
<connecteds>
<g/>
/	w2359
<g/>
</connecteds>
<connecteds>
sodann	w2360
</connecteds>
<connecteds>
118	w2361
</connecteds>
<connecteds>
<g/>
.	w2362
<g/>
</connecteds>
<connecteds>
tausend	w2363
</connecteds>
<connecteds>
214	w2364
</connecteds>
<connecteds>
<g/>
.	w2365
<g/>
</connecteds>
<connecteds>
Pfund	w2366
</connecteds>
<connecteds>
Sterlings	w2367
</connecteds>
<connecteds>
ein	w2368
</connecteds>
<connecteds>
Schelin	w2369
</connecteds>
<connecteds>
für	w2370
</connecteds>
<connecteds>
die	w2371
</connecteds>
<connecteds>
Anwerb	w2372
</connecteds>
<connecteds>
<g/>
=	w2373
<g/>
</connecteds>
<connecteds>
und	w2374
</connecteds>
<connecteds>
Unterhaltung	w2375
</connecteds>
<connecteds>
der	w2376
</connecteds>
<connecteds>
6	w2377
</connecteds>
<connecteds>
<g/>
.	w2378
<g/>
</connecteds>
<connecteds>
Com=pagnien	w2379
</connecteds>
<connecteds>
<g/>
=	w2380
<g/>
</connecteds>
<connecteds>
See	w2381
</connecteds>
<connecteds>
<g/>
=	w2382
<g/>
</connecteds>
<connecteds>
Volks	w2383
</connecteds>
<connecteds>
<g/>
,	w2384
<g/>
</connecteds>
<connecteds>
welche	w2385
</connecteds>
<connecteds>
in	w2386
</connecteds>
<connecteds>
4890	w2387
</connecteds>
<connecteds>
<g/>
.	w2388
<g/>
</connecteds>
<connecteds>
Mann	w2389
</connecteds>
<connecteds>
bestehen	w2390
</connecteds>
<connecteds>
werden	w2391
</connecteds>
<connecteds>
<g/>
/	w2392
<g/>
</connecteds>
<connecteds>
auf	w2393
</connecteds>
<connecteds>
die	w2394
</connecteds>
<connecteds>
Zeit	w2395
</connecteds>
<connecteds>
von	w2396
</connecteds>
<connecteds>
14	w2397
</connecteds>
<connecteds>
<g/>
.	w2398
<g/>
</connecteds>
<connecteds>
Monaten	w2399
</connecteds>
<connecteds>
<g/>
/	w2400
<g/>
</connecteds>
<connecteds>
nemlich	w2401
</connecteds>
<connecteds>
vom	w2402
</connecteds>
<connecteds>
5	w2403
</connecteds>
<connecteds>
<g/>
.	w2404
<g/>
</connecteds>
<connecteds>
No=vembris	w2405
</connecteds>
<connecteds>
<g/>
=	w2406
<g/>
</connecteds>
<connecteds>
1739	w2407
</connecteds>
<connecteds>
<g/>
.	w2408
<g/>
</connecteds>
<connecteds>
biß	w2409
</connecteds>
<connecteds>
den	w2410
</connecteds>
<connecteds>
4	w2411
</connecteds>
<connecteds>
<g/>
.	w2412
<g/>
</connecteds>
<connecteds>
Januarii	w2413
</connecteds>
<connecteds>
1741	w2414
</connecteds>
<connecteds>
<g/>
.	w2415
<g/>
</connecteds>
<connecteds>
bewilliget	w2416
</connecteds>
<connecteds>
seyn	w2417
</connecteds>
<connecteds>
soll	w2418
</connecteds>
<connecteds>
<g/>
.	w2419
<g/>
</connecteds>
<connecteds>
Gestern	w2420
</connecteds>
<connecteds>
wa=re	w2421
</connecteds>
<connecteds>
<g/>
=	w2422
<g/>
</connecteds>
<connecteds>
das	w2423
</connecteds>
<connecteds>
Obere	w2424
</connecteds>
<connecteds>
<g/>
=	w2425
<g/>
</connecteds>
<connecteds>
Hauß	w2426
</connecteds>
<connecteds>
nur	w2427
</connecteds>
<connecteds>
mit	w2428
</connecteds>
<connecteds>
Particu=lar	w2429
</connecteds>
<connecteds>
<g/>
=	w2430
<g/>
</connecteds>
<connecteds>
Sachen	w2431
</connecteds>
<connecteds>
beschäftiget	w2432
</connecteds>
<connecteds>
<g/>
/	w2433
<g/>
</connecteds>
<connecteds>
das	w2434
</connecteds>
<connecteds>
Untere	w2435
</connecteds>
<connecteds>
aber	w2436
</connecteds>
<connecteds>
bestättigte	w2437
</connecteds>
<connecteds>
vorgedachtes	w2438
</connecteds>
<connecteds>
Gutach=ten	w2439
</connecteds>
<connecteds>
<g/>
=	w2440
<g/>
</connecteds>
<connecteds>
seiner	w2441
</connecteds>
<connecteds>
grossen	w2442
</connecteds>
<connecteds>
Commission	w2443
</connecteds>
<connecteds>
<g/>
.	w2444
<g/>
</connecteds>
<connecteds>
Heut	w2445
</connecteds>
<connecteds>
gehet	w2446
</connecteds>
<connecteds>
in	w2447
</connecteds>
<connecteds>
beyden	w2448
</connecteds>
<connecteds>
Parlaments	w2449
</connecteds>
<connecteds>
<g/>
=	w2450
<g/>
</connecteds>
<connecteds>
Häusern	w2451
</connecteds>
<connecteds>
nichts	w2452
</connecteds>
<connecteds>
von	w2453
</connecteds>
<connecteds>
sonderlicher	w2454
</connecteds>
<connecteds>
Wichtigkeit	w2455
</connecteds>
<connecteds>
vor	w2456
</connecteds>
<connecteds>
<g/>
.	w2457
<g/>
</connecteds>
<connecteds>
Der	w2458
</connecteds>
<connecteds>
Ritter	w2459
</connecteds>
<connecteds>
Georg	w2460
</connecteds>
<connecteds>
Walton	w2461
</connecteds>
<connecteds>
<g/>
/	w2462
<g/>
</connecteds>
<connecteds>
Admiral	w2463
</connecteds>
<connecteds>
von	w2464
</connecteds>
<connecteds>
der	w2465
</connecteds>
<connecteds>
blauen	w2466
</connecteds>
<connecteds>
Flagge	w2467
</connecteds>
<connecteds>
<g/>
/	w2468
<g/>
</connecteds>
<connecteds>
ist	w2469
</connecteds>
<connecteds>
vergange=ne	w2470
</connecteds>
<connecteds>
<g/>
=	w2471
<g/>
</connecteds>
<connecteds>
Woche	w2472
</connecteds>
<connecteds>
im	w2473
</connecteds>
<connecteds>
74	w2474
</connecteds>
<connecteds>
<g/>
.	w2475
<g/>
</connecteds>
<connecteds>
Jahr	w2476
</connecteds>
<connecteds>
seines	w2477
</connecteds>
<connecteds>
Alters	w2478
</connecteds>
<connecteds>
gestorben	w2479
</connecteds>
<connecteds>
<g/>
.	w2480
<g/>
</connecteds>
<connecteds>
So	w2481
</connecteds>
<connecteds>
ist	w2482
</connecteds>
<connecteds>
auch	w2483
</connecteds>
<connecteds>
den	w2484
</connecteds>
<connecteds>
8	w2485
</connecteds>
<connecteds>
<g/>
.	w2486
<g/>
</connecteds>
<connecteds>
dieses	w2487
</connecteds>
<connecteds>
der	w2488
</connecteds>
<connecteds>
Lord	w2489
</connecteds>
<connecteds>
Jacob	w2490
</connecteds>
<connecteds>
Compton	w2491
</connecteds>
<connecteds>
<g/>
/	w2492
<g/>
</connecteds>
<connecteds>
einziger	w2493
</connecteds>
<connecteds>
Sohn	w2494
</connecteds>
<connecteds>
des	w2495
</connecteds>
<connecteds>
Grafens	w2496
</connecteds>
<connecteds>
von	w2497
</connecteds>
<connecteds>
Northamp=ton	w2498
</connecteds>
<connecteds>
<g/>
=	w2499
<g/>
</connecteds>
<connecteds>
<g/>
/	w2500
<g/>
</connecteds>
<connecteds>
mit	w2501
</connecteds>
<connecteds>
Tod	w2502
</connecteds>
<connecteds>
abgegangen	w2503
</connecteds>
<connecteds>
<g/>
.	w2504
<g/>
</connecteds>
<connecteds>
Jnglei=chen	w2505
</connecteds>
<connecteds>
<g/>
=	w2506
<g/>
</connecteds>
<connecteds>
hat	w2507
</connecteds>
<connecteds>
der	w2508
</connecteds>
<connecteds>
Herr	w2509
</connecteds>
<connecteds>
Heinrich	w2510
</connecteds>
<connecteds>
Pelham	w2511
</connecteds>
<connecteds>
Bruder	w2512
</connecteds>
<connecteds>
des	w2513
</connecteds>
<connecteds>
Hertzogs	w2514
</connecteds>
<connecteds>
von	w2515
</connecteds>
<connecteds>
Neucastle	w2516
</connecteds>
<connecteds>
<g/>
/	w2517
<g/>
</connecteds>
<connecteds>
seine	w2518
</connecteds>
<connecteds>
2	w2519
</connecteds>
<connecteds>
<g/>
.	w2520
<g/>
</connecteds>
<connecteds>
Söhne	w2521
</connecteds>
<connecteds>
<g/>
/	w2522
<g/>
</connecteds>
<connecteds>
einen	w2523
</connecteds>
<connecteds>
eben	w2524
</connecteds>
<connecteds>
selbigen	w2525
</connecteds>
<connecteds>
A=bends	w2526
</connecteds>
<connecteds>
<g/>
=	w2527
<g/>
</connecteds>
<connecteds>
<g/>
/	w2528
<g/>
</connecteds>
<connecteds>
und	w2529
</connecteds>
<connecteds>
den	w2530
</connecteds>
<connecteds>
andern	w2531
</connecteds>
<connecteds>
des	w2532
</connecteds>
<connecteds>
folgenden	w2533
</connecteds>
<connecteds>
Morgens	w2534
</connecteds>
<connecteds>
<g/>
/	w2535
<g/>
</connecteds>
<connecteds>
durch	w2536
</connecteds>
<connecteds>
den	w2537
</connecteds>
<connecteds>
Tod	w2538
</connecteds>
<connecteds>
verlohren	w2539
</connecteds>
<connecteds>
<g/>
.	w2540
<g/>
</connecteds>
<connecteds>
Die	w2541
</connecteds>
<connecteds>
Kriegs	w2542
</connecteds>
<connecteds>
<g/>
=	w2543
<g/>
</connecteds>
<connecteds>
Schiffe	w2544
</connecteds>
<connecteds>
der	w2545
</connecteds>
<connecteds>
Royal	w2546
</connecteds>
<connecteds>
<g/>
/	w2547
<g/>
</connecteds>
<connecteds>
Sou=verain	w2548
</connecteds>
<connecteds>
<g/>
=	w2549
<g/>
</connecteds>
<connecteds>
<g/>
/	w2550
<g/>
</connecteds>
<connecteds>
und	w2551
</connecteds>
<connecteds>
die	w2552
</connecteds>
<connecteds>
Victoria	w2553
</connecteds>
<connecteds>
<g/>
/	w2554
<g/>
</connecteds>
<connecteds>
jedes	w2555
</connecteds>
<connecteds>
von	w2556
</connecteds>
<connecteds>
100	w2557
</connecteds>
<connecteds>
<g/>
.	w2558
<g/>
</connecteds>
<connecteds>
Canonen	w2559
</connecteds>
<connecteds>
<g/>
/	w2560
<g/>
</connecteds>
<connecteds>
desgleichen	w2561
</connecteds>
<connecteds>
der	w2562
</connecteds>
<connecteds>
Her=tzog	w2563
</connecteds>
<connecteds>
<g/>
=	w2564
<g/>
</connecteds>
<connecteds>
<g/>
/	w2565
<g/>
</connecteds>
<connecteds>
und	w2566
</connecteds>
<connecteds>
der	w2567
</connecteds>
<connecteds>
St	w2568
</connecteds>
<connecteds>
<g/>
.	w2569
<g/>
</connecteds>
<connecteds>
George	w2570
</connecteds>
<connecteds>
von	w2571
</connecteds>
<connecteds>
90	w2572
</connecteds>
<connecteds>
<g/>
.	w2573
<g/>
</connecteds>
<connecteds>
Ca=nonen	w2574
</connecteds>
<connecteds>
<g/>
=	w2575
<g/>
</connecteds>
<connecteds>
jedes	w2576
</connecteds>
<connecteds>
<g/>
/	w2577
<g/>
</connecteds>
<connecteds>
sollen	w2578
</connecteds>
<connecteds>
nebst	w2579
</connecteds>
<connecteds>
verschiede=nen	w2580
</connecteds>
<connecteds>
<g/>
=	w2581
<g/>
</connecteds>
<connecteds>
andern	w2582
</connecteds>
<connecteds>
Schiffen	w2583
</connecteds>
<connecteds>
vom	w2584
</connecteds>
<connecteds>
ersten	w2585
</connecteds>
<connecteds>
und	w2586
</connecteds>
<connecteds>
2ten	w2587
</connecteds>
<connecteds>
Rang	w2588
</connecteds>
<connecteds>
ehistens	w2589
</connecteds>
<connecteds>
ausgerüstet	w2590
</connecteds>
<connecteds>
wer=den	w2591
</connecteds>
<connecteds>
<g/>
=	w2592
<g/>
</connecteds>
<connecteds>
<g/>
.	w2593
<g/>
</connecteds>
<connecteds>
Man	w2594
</connecteds>
<connecteds>
rechnet	w2595
</connecteds>
<connecteds>
<g/>
/	w2596
<g/>
</connecteds>
<connecteds>
daß	w2597
</connecteds>
<connecteds>
sich	w2598
</connecteds>
<connecteds>
die	w2599
</connecteds>
<connecteds>
Ko=sten	w2600
</connecteds>
<connecteds>
<g/>
=	w2601
<g/>
</connecteds>
<connecteds>
im	w2602
</connecteds>
<connecteds>
künftigen	w2603
</connecteds>
<connecteds>
Jahr	w2604
</connecteds>
<connecteds>
auf	w2605
</connecteds>
<connecteds>
4	w2606
</connecteds>
<connecteds>
<g/>
.	w2607
<g/>
</connecteds>
<connecteds>
Millio=nen	w2608
</connecteds>
<connecteds>
<g/>
=	w2609
<g/>
</connecteds>
<connecteds>
Pfund	w2610
</connecteds>
<connecteds>
Sterl	w2611
</connecteds>
<connecteds>
<g/>
.	w2612
<g/>
</connecteds>
<connecteds>
belauffen	w2613
</connecteds>
<connecteds>
werden	w2614
</connecteds>
<connecteds>
<g/>
.	w2615
<g/>
</connecteds>
</p>
<head id="hl17">
Aus	w2616
<connecteds>
Niederland	w2617
</connecteds>
<connecteds>
<g/>
.	w2618
<g/>
</connecteds>
</head>
<head id="hl18">
Brüssel	w2619
<connecteds>
15	w2620
</connecteds>
<connecteds>
<g/>
.	w2621
<g/>
</connecteds>
<connecteds>
Dec	w2622
</connecteds>
<connecteds>
<g/>
.	w2623
<g/>
</connecteds>
</head>
<p id="p32">
Am	w2624
<connecteds>
Fest	w2625
</connecteds>
<connecteds>
<g/>
=	w2626
<g/>
</connecteds>
<connecteds>
Tag	w2627
</connecteds>
<connecteds>
St	w2628
</connecteds>
<connecteds>
<g/>
.	w2629
<g/>
</connecteds>
<connecteds>
Lucia	w2630
</connecteds>
<connecteds>
<g/>
/	w2631
<g/>
</connecteds>
<connecteds>
wur=de	w2632
</connecteds>
<connecteds>
<g/>
=	w2633
<g/>
</connecteds>
<connecteds>
der	w2634
</connecteds>
<connecteds>
Geburts	w2635
</connecteds>
<connecteds>
<g/>
=	w2636
<g/>
</connecteds>
<connecteds>
Tag	w2637
</connecteds>
<connecteds>
der	w2638
</connecteds>
<connecteds>
Derchl	w2639
</connecteds>
<connecteds>
<g/>
.	w2640
<g/>
</connecteds>
<connecteds>
Gubernantin	w2641
</connecteds>
<connecteds>
<g/>
/	w2642
<g/>
</connecteds>
<connecteds>
in	w2643
</connecteds>
<connecteds>
prächtiger	w2644
</connecteds>
<connecteds>
Gala	w2645
</connecteds>
<connecteds>
be=gangen	w2646
</connecteds>
<connecteds>
<g/>
=	w2647
<g/>
</connecteds>
<connecteds>
<g/>
/	w2648
<g/>
</connecteds>
<connecteds>
und	w2649
</connecteds>
<connecteds>
Abends	w2650
</connecteds>
<connecteds>
um	w2651
</connecteds>
<connecteds>
8	w2652
</connecteds>
<connecteds>
<g/>
.	w2653
<g/>
</connecteds>
<connecteds>
Uhr	w2654
</connecteds>
<connecteds>
das	w2655
</connecteds>
<connecteds>
Raht	w2656
</connecteds>
<connecteds>
<g/>
=	w2657
<g/>
</connecteds>
<connecteds>
Haus	w2658
</connecteds>
<connecteds>
mit	w2659
</connecteds>
<connecteds>
weissen	w2660
</connecteds>
<connecteds>
Flakeln	w2661
</connecteds>
<connecteds>
illu illuminirt	w2662
</connecteds>
<connecteds>
<g/>
=	w2663
<g/>
</connecteds>
</p>
<p id="p33">
minirt	w2667
<connecteds>
<g/>
.	w2668
<g/>
</connecteds>
<connecteds>
Jhro	w2669
</connecteds>
<connecteds>
Durchl	w2670
</connecteds>
<connecteds>
<g/>
.	w2671
<g/>
</connecteds>
<connecteds>
haben	w2672
</connecteds>
<connecteds>
an	w2673
</connecteds>
<connecteds>
so	w2674
</connecteds>
<connecteds>
viele	w2675
</connecteds>
<connecteds>
kleine	w2676
</connecteds>
<connecteds>
Mägdlein	w2677
</connecteds>
<connecteds>
<g/>
/	w2678
<g/>
</connecteds>
<connecteds>
als	w2679
</connecteds>
<connecteds>
sie	w2680
</connecteds>
<connecteds>
Jahren	w2681
</connecteds>
<connecteds>
alt	w2682
</connecteds>
<connecteds>
seynd	w2683
</connecteds>
<connecteds>
<g/>
/	w2684
<g/>
</connecteds>
<connecteds>
Beutele	w2685
</connecteds>
<connecteds>
mit	w2686
</connecteds>
<connecteds>
Geld	w2687
</connecteds>
<connecteds>
ausge=theilet	w2688
</connecteds>
<connecteds>
<g/>
=	w2689
<g/>
</connecteds>
<connecteds>
<g/>
.	w2690
<g/>
</connecteds>
</p>
<head id="hl19">
Brüssel	w2691
<connecteds>
18	w2692
</connecteds>
<connecteds>
<g/>
.	w2693
<g/>
</connecteds>
<connecteds>
Dec	w2694
</connecteds>
<connecteds>
<g/>
.	w2695
<g/>
</connecteds>
</head>
<p id="p34">
Vor	w2696
<connecteds>
einigen	w2697
</connecteds>
<connecteds>
Tagen	w2698
</connecteds>
<connecteds>
ist	w2699
</connecteds>
<connecteds>
der	w2700
</connecteds>
<connecteds>
Herr	w2701
</connecteds>
<connecteds>
Graf	w2702
</connecteds>
<connecteds>
von	w2703
</connecteds>
<connecteds>
<g/>
/	w2704
<g/>
</connecteds>
<connecteds>
Harrach	w2705
</connecteds>
<connecteds>
<g/>
/	w2706
<g/>
</connecteds>
<connecteds>
erster	w2707
</connecteds>
<connecteds>
Minister	w2708
</connecteds>
<connecteds>
der	w2709
</connecteds>
<connecteds>
Durchl	w2710
</connecteds>
<connecteds>
<g/>
.	w2711
<g/>
</connecteds>
<connecteds>
Ertz	w2712
</connecteds>
<connecteds>
<g/>
=	w2713
<g/>
</connecteds>
<connecteds>
Hertzogin	w2714
</connecteds>
<connecteds>
Gouver=nantin	w2715
</connecteds>
<connecteds>
<g/>
=	w2716
<g/>
</connecteds>
<connecteds>
<g/>
/	w2717
<g/>
</connecteds>
<connecteds>
von	w2718
</connecteds>
<connecteds>
hier	w2719
</connecteds>
<connecteds>
nach	w2720
</connecteds>
<connecteds>
Brügge	w2721
</connecteds>
<connecteds>
abge=reiset	w2722
</connecteds>
<connecteds>
<g/>
=	w2723
<g/>
</connecteds>
<connecteds>
<g/>
/	w2724
<g/>
</connecteds>
<connecteds>
von	w2725
</connecteds>
<connecteds>
wannen	w2726
</connecteds>
<connecteds>
er	w2727
</connecteds>
<connecteds>
sich	w2728
</connecteds>
<connecteds>
ferner	w2729
</connecteds>
<connecteds>
nach	w2730
</connecteds>
<connecteds>
Ostende	w2731
</connecteds>
<connecteds>
begeben	w2732
</connecteds>
<connecteds>
hat	w2733
</connecteds>
<connecteds>
<g/>
.	w2734
<g/>
</connecteds>
<connecteds>
Aus	w2735
</connecteds>
<connecteds>
Flandern	w2736
</connecteds>
<connecteds>
vernimmt	w2737
</connecteds>
<connecteds>
man	w2738
</connecteds>
<connecteds>
<g/>
/	w2739
<g/>
</connecteds>
<connecteds>
daß	w2740
</connecteds>
<connecteds>
auf	w2741
</connecteds>
<connecteds>
dasigen	w2742
</connecteds>
<connecteds>
Cü=sten	w2743
</connecteds>
<connecteds>
<g/>
=	w2744
<g/>
</connecteds>
<connecteds>
das	w2745
</connecteds>
<connecteds>
Meer	w2746
</connecteds>
<connecteds>
die	w2747
</connecteds>
<connecteds>
Stücker	w2748
</connecteds>
<connecteds>
von	w2749
</connecteds>
<connecteds>
ver=schiedenen	w2750
</connecteds>
<connecteds>
<g/>
=	w2751
<g/>
</connecteds>
<connecteds>
Schiffen	w2752
</connecteds>
<connecteds>
<g/>
/	w2753
<g/>
</connecteds>
<connecteds>
welche	w2754
</connecteds>
<connecteds>
in	w2755
</connecteds>
<connecteds>
dem	w2756
</connecteds>
<connecteds>
letz=tern	w2757
</connecteds>
<connecteds>
<g/>
=	w2758
<g/>
</connecteds>
<connecteds>
Sturm	w2759
</connecteds>
<connecteds>
verunglücket	w2760
</connecteds>
<connecteds>
<g/>
/	w2761
<g/>
</connecteds>
<connecteds>
ausgeworf=fen	w2762
</connecteds>
<connecteds>
<g/>
=	w2763
<g/>
</connecteds>
<connecteds>
habe	w2764
</connecteds>
<connecteds>
<g/>
.	w2765
<g/>
</connecteds>
</p>
<head id="hl20">
Aus	w2766
<connecteds>
Teutschland	w2767
</connecteds>
<connecteds>
<g/>
.	w2768
<g/>
</connecteds>
</head>
<head id="hl21">
Cöln	w2769
<connecteds>
17	w2770
</connecteds>
<connecteds>
<g/>
.	w2771
<g/>
</connecteds>
<connecteds>
Dec	w2772
</connecteds>
<connecteds>
<g/>
.	w2773
<g/>
</connecteds>
</head>
<p id="p35">
Den	w2774
<connecteds>
9	w2775
</connecteds>
<connecteds>
<g/>
.	w2776
<g/>
</connecteds>
<connecteds>
dieses	w2777
</connecteds>
<connecteds>
ist	w2778
</connecteds>
<connecteds>
die	w2779
</connecteds>
<connecteds>
Gräfin	w2780
</connecteds>
<connecteds>
von	w2781
</connecteds>
<connecteds>
Blankenheim	w2782
</connecteds>
<connecteds>
<g/>
/	w2783
<g/>
</connecteds>
<connecteds>
Abtissin	w2784
</connecteds>
<connecteds>
von	w2785
</connecteds>
<connecteds>
Sta	w2786
</connecteds>
<connecteds>
<g/>
.	w2787
<g/>
</connecteds>
<connecteds>
Ur=sula	w2788
</connecteds>
<connecteds>
<g/>
=	w2789
<g/>
</connecteds>
<connecteds>
<g/>
/	w2790
<g/>
</connecteds>
<connecteds>
mit	w2791
</connecteds>
<connecteds>
Tod	w2792
</connecteds>
<connecteds>
abgegangen	w2793
</connecteds>
<connecteds>
<g/>
.	w2794
<g/>
</connecteds>
<connecteds>
Auch	w2795
</connecteds>
<connecteds>
vernimmt	w2796
</connecteds>
<connecteds>
man	w2797
</connecteds>
<connecteds>
<g/>
/	w2798
<g/>
</connecteds>
<connecteds>
daß	w2799
</connecteds>
<connecteds>
im	w2800
</connecteds>
<connecteds>
vorigen	w2801
</connecteds>
<connecteds>
Mo=nat	w2802
</connecteds>
<connecteds>
<g/>
=	w2803
<g/>
</connecteds>
<connecteds>
in	w2804
</connecteds>
<connecteds>
der	w2805
</connecteds>
<connecteds>
Benedictiner	w2806
</connecteds>
<connecteds>
<g/>
=	w2807
<g/>
</connecteds>
<connecteds>
Abtey	w2808
</connecteds>
<connecteds>
Lies=born	w2809
</connecteds>
<connecteds>
<g/>
=	w2810
<g/>
</connecteds>
<connecteds>
<g/>
/	w2811
<g/>
</connecteds>
<connecteds>
2	w2812
</connecteds>
<connecteds>
<g/>
.	w2813
<g/>
</connecteds>
<connecteds>
Stund	w2814
</connecteds>
<connecteds>
von	w2815
</connecteds>
<connecteds>
Lippstadt	w2816
</connecteds>
<connecteds>
<g/>
/	w2817
<g/>
</connecteds>
<connecteds>
der	w2818
</connecteds>
<connecteds>
Herr	w2819
</connecteds>
<connecteds>
Prälat	w2820
</connecteds>
<connecteds>
Georgius	w2821
</connecteds>
<connecteds>
Woltmann	w2822
</connecteds>
<connecteds>
<g/>
/	w2823
<g/>
</connecteds>
<connecteds>
nach	w2824
</connecteds>
<connecteds>
einer	w2825
</connecteds>
<connecteds>
42	w2826
</connecteds>
<connecteds>
jährigen	w2827
</connecteds>
<connecteds>
Regierung	w2828
</connecteds>
<connecteds>
ge=storben	w2829
</connecteds>
<connecteds>
<g/>
=	w2830
<g/>
</connecteds>
<connecteds>
<g/>
/	w2831
<g/>
</connecteds>
<connecteds>
und	w2832
</connecteds>
<connecteds>
den	w2833
</connecteds>
<connecteds>
3	w2834
</connecteds>
<connecteds>
<g/>
.	w2835
<g/>
</connecteds>
<connecteds>
dieses	w2836
</connecteds>
<connecteds>
in	w2837
</connecteds>
<connecteds>
dessen	w2838
</connecteds>
<connecteds>
Platz	w2839
</connecteds>
<connecteds>
der	w2840
</connecteds>
<connecteds>
Prior	w2841
</connecteds>
<connecteds>
des	w2842
</connecteds>
<connecteds>
Klosters	w2843
</connecteds>
<connecteds>
Hr	w2844
</connecteds>
<connecteds>
<g/>
.	w2845
<g/>
</connecteds>
<connecteds>
de	w2846
</connecteds>
<connecteds>
Haase	w2847
</connecteds>
<connecteds>
einmütig	w2848
</connecteds>
<connecteds>
erwehlet	w2849
</connecteds>
<connecteds>
worden	w2850
</connecteds>
<connecteds>
<g/>
.	w2851
<g/>
</connecteds>
</p>
<head id="hl22">
Cöln	w2852
<connecteds>
18	w2853
</connecteds>
<connecteds>
Oec	w2854
</connecteds>
<connecteds>
<g/>
.	w2855
<g/>
</connecteds>
</head>
<p id="p36">
Gestern	w2856
<connecteds>
gegen	w2857
</connecteds>
<connecteds>
Mittag	w2858
</connecteds>
<connecteds>
hat	w2859
</connecteds>
<connecteds>
ein	w2860
</connecteds>
<connecteds>
hie=siger	w2861
</connecteds>
<connecteds>
<g/>
=	w2862
<g/>
</connecteds>
<connecteds>
Hochweiser	w2863
</connecteds>
<connecteds>
Rath	w2864
</connecteds>
<connecteds>
an	w2865
</connecteds>
<connecteds>
statt	w2866
</connecteds>
<connecteds>
des	w2867
</connecteds>
<connecteds>
in	w2868
</connecteds>
<connecteds>
Gott	w2869
</connecteds>
<connecteds>
nunmehro	w2870
</connecteds>
<connecteds>
seelig	w2871
</connecteds>
<connecteds>
ruhenden	w2872
</connecteds>
<connecteds>
Herrn	w2873
</connecteds>
<connecteds>
Nicolai	w2874
</connecteds>
<connecteds>
de	w2875
</connecteds>
<connecteds>
Groote	w2876
</connecteds>
<connecteds>
ꝛc	w2877
</connecteds>
<connecteds>
<g/>
.	w2878
<g/>
</connecteds>
<connecteds>
zu	w2879
</connecteds>
<connecteds>
dessen	w2880
</connecteds>
<connecteds>
Nach=folgern	w2881
</connecteds>
<connecteds>
<g/>
=	w2882
<g/>
</connecteds>
<connecteds>
<g/>
/	w2883
<g/>
</connecteds>
<connecteds>
und	w2884
</connecteds>
<connecteds>
dieser	w2885
</connecteds>
<connecteds>
des	w2886
</connecteds>
<connecteds>
Heil	w2887
</connecteds>
<connecteds>
<g/>
.	w2888
<g/>
</connecteds>
<connecteds>
Röm	w2889
</connecteds>
<connecteds>
<g/>
.	w2890
<g/>
</connecteds>
<connecteds>
Reichs	w2891
</connecteds>
<connecteds>
freyer	w2892
</connecteds>
<connecteds>
Stadt	w2893
</connecteds>
<connecteds>
Cöllen	w2894
</connecteds>
<connecteds>
Bürger=meistern	w2895
</connecteds>
<connecteds>
<g/>
=	w2896
<g/>
</connecteds>
<connecteds>
erwehlet	w2897
</connecteds>
<connecteds>
Herrn	w2898
</connecteds>
<connecteds>
Franciscum	w2899
</connecteds>
<connecteds>
Casparum	w2900
</connecteds>
<connecteds>
de	w2901
</connecteds>
<connecteds>
Wymar	w2902
</connecteds>
<connecteds>
ꝛc	w2903
</connecteds>
<connecteds>
<g/>
.	w2904
<g/>
</connecteds>
<connecteds>
nach	w2905
</connecteds>
<connecteds>
welcher	w2906
</connecteds>
<connecteds>
Wahl	w2907
</connecteds>
<connecteds>
man	w2908
</connecteds>
<connecteds>
so	w2909
</connecteds>
<connecteds>
fort	w2910
</connecteds>
<connecteds>
von	w2911
</connecteds>
<connecteds>
Mittag	w2912
</connecteds>
<connecteds>
bis	w2913
</connecteds>
<connecteds>
in	w2914
</connecteds>
<connecteds>
die	w2915
</connecteds>
<connecteds>
späte	w2916
</connecteds>
<connecteds>
Nacht	w2917
</connecteds>
<connecteds>
an	w2918
</connecteds>
<connecteds>
verschiedenen	w2919
</connecteds>
<connecteds>
Or=ten	w2920
</connecteds>
<connecteds>
<g/>
=	w2921
<g/>
</connecteds>
<connecteds>
der	w2922
</connecteds>
<connecteds>
Stadt	w2923
</connecteds>
<connecteds>
nicht	w2924
</connecteds>
<connecteds>
allein	w2925
</connecteds>
<connecteds>
aus	w2926
</connecteds>
<connecteds>
einer	w2927
</connecteds>
<connecteds>
grosser	w2928
</connecteds>
<connecteds>
Menge	w2929
</connecteds>
<connecteds>
Bölleren	w2930
</connecteds>
<connecteds>
seinen	w2931
</connecteds>
<connecteds>
Patrio=tischen	w2932
</connecteds>
<connecteds>
<g/>
=	w2933
<g/>
</connecteds>
<connecteds>
Eifer	w2934
</connecteds>
<connecteds>
und	w2935
</connecteds>
<connecteds>
danckbahre	w2936
</connecteds>
<connecteds>
Gemüts GemütsNeigung	w2937
</connecteds>
<connecteds>
<g/>
=	w2938
<g/>
</connecteds>
</p>
<p id="p37">
Neigung	w2939
<connecteds>
dargethan	w2940
</connecteds>
<connecteds>
<g/>
/	w2941
<g/>
</connecteds>
<connecteds>
sondern	w2942
</connecteds>
<connecteds>
auch	w2943
</connecteds>
<connecteds>
A=bends	w2944
</connecteds>
<connecteds>
<g/>
=	w2945
<g/>
</connecteds>
<connecteds>
mit	w2946
</connecteds>
<connecteds>
Symbolischen	w2947
</connecteds>
<connecteds>
Jnscriptionen	w2948
</connecteds>
<connecteds>
und	w2949
</connecteds>
<connecteds>
annehmlichen	w2950
</connecteds>
<connecteds>
Freuden	w2951
</connecteds>
<connecteds>
<g/>
=	w2952
<g/>
</connecteds>
<connecteds>
Feuren	w2953
</connecteds>
<connecteds>
ver=doppelt	w2954
</connecteds>
<connecteds>
<g/>
=	w2955
<g/>
</connecteds>
<connecteds>
hat	w2956
</connecteds>
<connecteds>
<g/>
.	w2957
<g/>
</connecteds>
<connecteds>
Heute	w2958
</connecteds>
<connecteds>
zu	w2959
</connecteds>
<connecteds>
Mittag	w2960
</connecteds>
<connecteds>
hat	w2961
</connecteds>
<connecteds>
man	w2962
</connecteds>
<connecteds>
zu	w2963
</connecteds>
<connecteds>
dessen	w2964
</connecteds>
<connecteds>
fernerer	w2965
</connecteds>
<connecteds>
Contestation	w2966
</connecteds>
<connecteds>
angefangen	w2967
</connecteds>
<connecteds>
nebst	w2968
</connecteds>
<connecteds>
abermaliger	w2969
</connecteds>
<connecteds>
continui=render	w2970
</connecteds>
<connecteds>
<g/>
=	w2971
<g/>
</connecteds>
<connecteds>
Loßbrenung	w2972
</connecteds>
<connecteds>
vieler	w2973
</connecteds>
<connecteds>
Böllern	w2974
</connecteds>
<connecteds>
<g/>
/	w2975
<g/>
</connecteds>
<connecteds>
auch	w2976
</connecteds>
<connecteds>
Abends	w2977
</connecteds>
<connecteds>
mit	w2978
</connecteds>
<connecteds>
dreyfachem	w2979
</connecteds>
<connecteds>
Jubel	w2980
</connecteds>
<connecteds>
<g/>
=	w2981
<g/>
</connecteds>
<connecteds>
und	w2982
</connecteds>
<connecteds>
Freuden	w2983
</connecteds>
<connecteds>
<g/>
=	w2984
<g/>
</connecteds>
<connecteds>
Feuer	w2985
</connecteds>
<connecteds>
seine	w2986
</connecteds>
<connecteds>
Erkenntlich=keit	w2987
</connecteds>
<connecteds>
<g/>
=	w2988
<g/>
</connecteds>
<connecteds>
zu	w2989
</connecteds>
<connecteds>
wiederholen	w2990
</connecteds>
<connecteds>
<g/>
.	w2991
<g/>
</connecteds>
</p>
<head id="hl23">
Dresden	w2992
<connecteds>
19	w2993
</connecteds>
<connecteds>
<g/>
.	w2994
<g/>
</connecteds>
<connecteds>
December	w2995
</connecteds>
<connecteds>
<g/>
.	w2996
<g/>
</connecteds>
</head>
<p id="p38">
Am	w2997
<connecteds>
13	w2998
</connecteds>
<connecteds>
<g/>
.	w2999
<g/>
</connecteds>
<connecteds>
hat	w3000
</connecteds>
<connecteds>
der	w3001
</connecteds>
<connecteds>
Hof	w3002
</connecteds>
<connecteds>
wegen	w3003
</connecteds>
<connecteds>
Abster=ben	w3004
</connecteds>
<connecteds>
<g/>
=	w3005
<g/>
</connecteds>
<connecteds>
Jhro	w3006
</connecteds>
<connecteds>
Hochfürstl	w3007
</connecteds>
<connecteds>
<g/>
.	w3008
<g/>
</connecteds>
<connecteds>
Durchl	w3009
</connecteds>
<connecteds>
<g/>
.	w3010
<g/>
</connecteds>
<connecteds>
der	w3011
</connecteds>
<connecteds>
ver=wittibten	w3012
</connecteds>
<connecteds>
<g/>
=	w3013
<g/>
</connecteds>
<connecteds>
Frau	w3014
</connecteds>
<connecteds>
Hertzogin	w3015
</connecteds>
<connecteds>
von	w3016
</connecteds>
<connecteds>
Sachsen	w3017
</connecteds>
<connecteds>
Zeitz	w3018
</connecteds>
<connecteds>
zu	w3019
</connecteds>
<connecteds>
Schleusingen	w3020
</connecteds>
<connecteds>
die	w3021
</connecteds>
<connecteds>
Trauer	w3022
</connecteds>
<connecteds>
auf	w3023
</connecteds>
<connecteds>
4	w3024
</connecteds>
<connecteds>
<g/>
.	w3025
<g/>
</connecteds>
<connecteds>
Wochen	w3026
</connecteds>
<connecteds>
angeleget	w3027
</connecteds>
<connecteds>
<g/>
.	w3028
<g/>
</connecteds>
<connecteds>
Am	w3029
</connecteds>
<connecteds>
14	w3030
</connecteds>
<connecteds>
<g/>
.	w3031
<g/>
</connecteds>
<connecteds>
<g/>
/	w3032
<g/>
</connecteds>
<connecteds>
und	w3033
</connecteds>
<connecteds>
16	w3034
</connecteds>
<connecteds>
<g/>
.	w3035
<g/>
</connecteds>
<connecteds>
haben	w3036
</connecteds>
<connecteds>
sich	w3037
</connecteds>
<connecteds>
Jhre	w3038
</connecteds>
<connecteds>
Majestäten	w3039
</connecteds>
<connecteds>
in	w3040
</connecteds>
<connecteds>
hiesigen	w3041
</connecteds>
<connecteds>
Gegenden	w3042
</connecteds>
<connecteds>
mit	w3043
</connecteds>
<connecteds>
der	w3044
</connecteds>
<connecteds>
Jagd	w3045
</connecteds>
<connecteds>
er=erlustiget	w3046
</connecteds>
<connecteds>
<g/>
=	w3047
<g/>
</connecteds>
<connecteds>
<g/>
/	w3048
<g/>
</connecteds>
<connecteds>
und	w3049
</connecteds>
<connecteds>
seynd	w3050
</connecteds>
<connecteds>
jedesmal	w3051
</connecteds>
<connecteds>
erst	w3052
</connecteds>
<connecteds>
Abends	w3053
</connecteds>
<connecteds>
anhero	w3054
</connecteds>
<connecteds>
zuruk	w3055
</connecteds>
<connecteds>
gekommen	w3056
</connecteds>
<connecteds>
<g/>
.	w3057
<g/>
</connecteds>
<connecteds>
Der	w3058
</connecteds>
<connecteds>
Königl	w3059
</connecteds>
<connecteds>
<g/>
.	w3060
<g/>
</connecteds>
<connecteds>
Sicilianische	w3061
</connecteds>
<connecteds>
gevollmächtigte	w3062
</connecteds>
<connecteds>
Minister	w3063
</connecteds>
<connecteds>
<g/>
/	w3064
<g/>
</connecteds>
<connecteds>
Marquis	w3065
</connecteds>
<connecteds>
von	w3066
</connecteds>
<connecteds>
Malaspina	w3067
</connecteds>
<connecteds>
<g/>
/	w3068
<g/>
</connecteds>
<connecteds>
hat	w3069
</connecteds>
<connecteds>
einen	w3070
</connecteds>
<connecteds>
Currier	w3071
</connecteds>
<connecteds>
<g/>
/	w3072
<g/>
</connecteds>
<connecteds>
den	w3073
</connecteds>
<connecteds>
er	w3074
</connecteds>
<connecteds>
in	w3075
</connecteds>
<connecteds>
voriger	w3076
</connecteds>
<connecteds>
Woche	w3077
</connecteds>
<connecteds>
von	w3078
</connecteds>
<connecteds>
seinem	w3079
</connecteds>
<connecteds>
Hofe	w3080
</connecteds>
<connecteds>
erhalten	w3081
</connecteds>
<connecteds>
<g/>
/	w3082
<g/>
</connecteds>
<connecteds>
in	w3083
</connecteds>
<connecteds>
den	w3084
</connecteds>
<connecteds>
abgewichenen	w3085
</connecteds>
<connecteds>
Tagen	w3086
</connecteds>
<connecteds>
dahin	w3087
</connecteds>
<connecteds>
wie=der	w3088
</connecteds>
<connecteds>
<g/>
=	w3089
<g/>
</connecteds>
<connecteds>
abgefertiget	w3090
</connecteds>
<connecteds>
<g/>
.	w3091
<g/>
</connecteds>
</p>
<head id="hl24">
Temeswar	w3092
<connecteds>
18	w3093
</connecteds>
<connecteds>
<g/>
.	w3094
<g/>
</connecteds>
<connecteds>
Dec	w3095
</connecteds>
<connecteds>
<g/>
.	w3096
<g/>
</connecteds>
</head>
<p id="p39">
Vor	w3097
<connecteds>
einigen	w3098
</connecteds>
<connecteds>
Tagen	w3099
</connecteds>
<connecteds>
langte	w3100
</connecteds>
<connecteds>
hier	w3101
</connecteds>
<connecteds>
eine	w3102
</connecteds>
<connecteds>
grosse	w3103
</connecteds>
<connecteds>
Menge	w3104
</connecteds>
<connecteds>
Korn	w3105
</connecteds>
<connecteds>
<g/>
/	w3106
<g/>
</connecteds>
<connecteds>
und	w3107
</connecteds>
<connecteds>
Mehl	w3108
</connecteds>
<connecteds>
unter	w3109
</connecteds>
<connecteds>
einer	w3110
</connecteds>
<connecteds>
starken	w3111
</connecteds>
<connecteds>
Bedekung	w3112
</connecteds>
<connecteds>
von	w3113
</connecteds>
<connecteds>
Segedin	w3114
</connecteds>
<connecteds>
an	w3115
</connecteds>
<connecteds>
<g/>
/	w3116
<g/>
</connecteds>
<connecteds>
und	w3117
</connecteds>
<connecteds>
weil	w3118
</connecteds>
<connecteds>
unsere	w3119
</connecteds>
<connecteds>
Besatzung	w3120
</connecteds>
<connecteds>
diesen	w3121
</connecteds>
<connecteds>
Winter	w3122
</connecteds>
<connecteds>
über	w3123
</connecteds>
<connecteds>
sehr	w3124
</connecteds>
<connecteds>
zahlreich	w3125
</connecteds>
<connecteds>
seyn	w3126
</connecteds>
<connecteds>
wird	w3127
</connecteds>
<connecteds>
<g/>
/	w3128
<g/>
</connecteds>
<connecteds>
so	w3129
</connecteds>
<connecteds>
werden	w3130
</connecteds>
<connecteds>
sowol	w3131
</connecteds>
<connecteds>
in	w3132
</connecteds>
<connecteds>
der	w3133
</connecteds>
<connecteds>
Stadt	w3134
</connecteds>
<connecteds>
<g/>
/	w3135
<g/>
</connecteds>
<connecteds>
als	w3136
</connecteds>
<connecteds>
in	w3137
</connecteds>
<connecteds>
der	w3138
</connecteds>
<connecteds>
Palanka	w3139
</connecteds>
<connecteds>
neue	w3140
</connecteds>
<connecteds>
Magazins	w3141
</connecteds>
<connecteds>
auf=gerichtet	w3142
</connecteds>
<connecteds>
<g/>
=	w3143
<g/>
</connecteds>
<connecteds>
<g/>
.	w3144
<g/>
</connecteds>
<connecteds>
Das	w3145
</connecteds>
<connecteds>
seit	w3146
</connecteds>
<connecteds>
einigen	w3147
</connecteds>
<connecteds>
Tagen	w3148
</connecteds>
<connecteds>
anhaltende	w3149
</connecteds>
<connecteds>
garstige	w3150
</connecteds>
<connecteds>
Wetter	w3151
</connecteds>
<connecteds>
hat	w3152
</connecteds>
<connecteds>
verur=sacht	w3153
</connecteds>
<connecteds>
<g/>
=	w3154
<g/>
</connecteds>
<connecteds>
<g/>
/	w3155
<g/>
</connecteds>
<connecteds>
daß	w3156
</connecteds>
<connecteds>
die	w3157
</connecteds>
<connecteds>
Moräste	w3158
</connecteds>
<connecteds>
aufgeschwol=len	w3159
</connecteds>
<connecteds>
<g/>
=	w3160
<g/>
</connecteds>
<connecteds>
<g/>
/	w3161
<g/>
</connecteds>
<connecteds>
und	w3162
</connecteds>
<connecteds>
man	w3163
</connecteds>
<connecteds>
fast	w3164
</connecteds>
<connecteds>
nicht	w3165
</connecteds>
<connecteds>
mehr	w3166
</connecteds>
<connecteds>
wegen	w3167
</connecteds>
<connecteds>
deren	w3168
</connecteds>
<connecteds>
schlimmen	w3169
</connecteds>
<connecteds>
Weegen	w3170
</connecteds>
<connecteds>
fortkommen	w3171
</connecteds>
<connecteds>
kan	w3172
</connecteds>
<connecteds>
<g/>
.	w3173
<g/>
</connecteds>
</p>
<head id="hl25">
Wien	w3176
<connecteds>
2	w3177
</connecteds>
<connecteds>
<g/>
.	w3178
<g/>
</connecteds>
<connecteds>
Januarii	w3179
</connecteds>
<connecteds>
<g/>
.	w3180
<g/>
</connecteds>
<connecteds>
1740	w3181
</connecteds>
<connecteds>
<g/>
.	w3182
<g/>
</connecteds>
</head>
<p id="p40">
MJttwoch	w3183
<connecteds>
<g/>
/	w3184
<g/>
</connecteds>
<connecteds>
den	w3185
</connecteds>
<connecteds>
30	w3186
</connecteds>
<connecteds>
<g/>
.	w3187
<g/>
</connecteds>
<connecteds>
December	w3188
</connecteds>
<connecteds>
1739	w3189
</connecteds>
<connecteds>
<g/>
.	w3190
<g/>
</connecteds>
<connecteds>
haben	w3191
</connecteds>
<connecteds>
Jhre	w3192
</connecteds>
<connecteds>
Kaiserl	w3193
</connecteds>
<connecteds>
<g/>
.	w3194
<g/>
</connecteds>
<connecteds>
Königl	w3195
</connecteds>
<connecteds>
<g/>
.	w3196
<g/>
</connecteds>
<connecteds>
Ca=thol	w3197
</connecteds>
<connecteds>
<g/>
=	w3198
<g/>
</connecteds>
<connecteds>
<g/>
.	w3199
<g/>
</connecteds>
<connecteds>
Majestät	w3200
</connecteds>
<connecteds>
unser	w3201
</connecteds>
<connecteds>
Allergnädigster	w3202
</connecteds>
<connecteds>
Herr	w3203
</connecteds>
<connecteds>
<g/>
/	w3204
<g/>
</connecteds>
<connecteds>
Vor	w3205
</connecteds>
<connecteds>
<g/>
=	w3206
<g/>
</connecteds>
<connecteds>
Mittag	w3207
</connecteds>
<connecteds>
geheimen	w3208
</connecteds>
<connecteds>
Raht	w3209
</connecteds>
<connecteds>
gehalten	w3210
</connecteds>
<connecteds>
<g/>
/	w3211
<g/>
</connecteds>
<connecteds>
und	w3212
</connecteds>
<connecteds>
Nach	w3213
</connecteds>
<connecteds>
<g/>
=	w3214
<g/>
</connecteds>
<connecteds>
Mittag	w3215
</connecteds>
<connecteds>
Allergnä=digste	w3216
</connecteds>
<connecteds>
<g/>
=	w3217
<g/>
</connecteds>
<connecteds>
Audientzen	w3218
</connecteds>
<connecteds>
ertheilet	w3219
</connecteds>
<connecteds>
<g/>
.	w3220
<g/>
</connecteds>
</p>
<p id="p41">
Donnerstag	w3221
<connecteds>
<g/>
/	w3222
<g/>
</connecteds>
<connecteds>
den	w3223
</connecteds>
<connecteds>
31	w3224
</connecteds>
<connecteds>
<g/>
.	w3225
<g/>
</connecteds>
<connecteds>
December	w3226
</connecteds>
<connecteds>
<g/>
/	w3227
<g/>
</connecteds>
<connecteds>
haben	w3228
</connecteds>
<connecteds>
Allerhöchst	w3229
</connecteds>
<connecteds>
<g/>
=	w3230
<g/>
</connecteds>
<connecteds>
gedacht	w3231
</connecteds>
<connecteds>
Seine	w3232
</connecteds>
<connecteds>
Ma=jestät	w3233
</connecteds>
<connecteds>
<g/>
=	w3234
<g/>
</connecteds>
<connecteds>
Vor	w3235
</connecteds>
<connecteds>
<g/>
=	w3236
<g/>
</connecteds>
<connecteds>
Mittag	w3237
</connecteds>
<connecteds>
abermalen	w3238
</connecteds>
<connecteds>
gehei=men	w3239
</connecteds>
<connecteds>
<g/>
=	w3240
<g/>
</connecteds>
<connecteds>
Raht	w3241
</connecteds>
<connecteds>
gehalten	w3242
</connecteds>
<connecteds>
<g/>
.	w3243
<g/>
</connecteds>
<connecteds>
Nach	w3244
</connecteds>
<connecteds>
<g/>
=	w3245
<g/>
</connecteds>
<connecteds>
Mittag	w3246
</connecteds>
<connecteds>
aber	w3247
</connecteds>
<connecteds>
<g/>
/	w3248
<g/>
</connecteds>
<connecteds>
als	w3249
</connecteds>
<connecteds>
am	w3250
</connecteds>
<connecteds>
Vor	w3251
</connecteds>
<connecteds>
<g/>
=	w3252
<g/>
</connecteds>
<connecteds>
Abend	w3253
</connecteds>
<connecteds>
des	w3254
</connecteds>
<connecteds>
hohen	w3255
</connecteds>
<connecteds>
Festes	w3256
</connecteds>
<connecteds>
der	w3257
</connecteds>
<connecteds>
Beschneidung	w3258
</connecteds>
<connecteds>
Christi	w3259
</connecteds>
<connecteds>
<g/>
/	w3260
<g/>
</connecteds>
<connecteds>
ha=ben	w3261
</connecteds>
<connecteds>
<g/>
=	w3262
<g/>
</connecteds>
<connecteds>
Allerhöchste	w3263
</connecteds>
<connecteds>
Herrschaften	w3264
</connecteds>
<connecteds>
der	w3265
</connecteds>
<connecteds>
Toi=son	w3266
</connecteds>
<connecteds>
<g/>
=	w3267
<g/>
</connecteds>
<connecteds>
<g/>
=	w3268
<g/>
</connecteds>
<connecteds>
Vesper	w3269
</connecteds>
<connecteds>
<g/>
/	w3270
<g/>
</connecteds>
<connecteds>
worbey	w3271
</connecteds>
<connecteds>
nebst	w3272
</connecteds>
<connecteds>
dem	w3273
</connecteds>
<connecteds>
ge=wöhnlichen	w3274
</connecteds>
<connecteds>
<g/>
=	w3275
<g/>
</connecteds>
<connecteds>
Hof	w3276
</connecteds>
<connecteds>
<g/>
=	w3277
<g/>
</connecteds>
<connecteds>
Gefolg	w3278
</connecteds>
<connecteds>
auch	w3279
</connecteds>
<connecteds>
die	w3280
</connecteds>
<connecteds>
Her=ren	w3281
</connecteds>
<connecteds>
<g/>
=	w3282
<g/>
</connecteds>
<connecteds>
Rittere	w3283
</connecteds>
<connecteds>
des	w3284
</connecteds>
<connecteds>
goldenen	w3285
</connecteds>
<connecteds>
Vlieses	w3286
</connecteds>
<connecteds>
mit	w3287
</connecteds>
<connecteds>
der	w3288
</connecteds>
<connecteds>
grossen	w3289
</connecteds>
<connecteds>
Ordens	w3290
</connecteds>
<connecteds>
<g/>
=	w3291
<g/>
</connecteds>
<connecteds>
Ketten	w3292
</connecteds>
<connecteds>
erschienen	w3293
</connecteds>
<connecteds>
<g/>
/	w3294
<g/>
</connecteds>
<connecteds>
in	w3295
</connecteds>
<connecteds>
der	w3296
</connecteds>
<connecteds>
öffentlichen	w3297
</connecteds>
<connecteds>
Hof	w3298
</connecteds>
<connecteds>
<g/>
=	w3299
<g/>
</connecteds>
<connecteds>
Capellen	w3300
</connecteds>
<connecteds>
an=dächtigst	w3301
</connecteds>
<connecteds>
<g/>
=	w3302
<g/>
</connecteds>
<connecteds>
beygewohnet	w3303
</connecteds>
<connecteds>
<g/>
.	w3304
<g/>
</connecteds>
</p>
<p id="p42">
Freytag	w3305
<connecteds>
<g/>
/	w3306
<g/>
</connecteds>
<connecteds>
den	w3307
</connecteds>
<connecteds>
ersten	w3308
</connecteds>
<connecteds>
Januarii	w3309
</connecteds>
<connecteds>
1740	w3310
</connecteds>
<connecteds>
<g/>
.	w3311
<g/>
</connecteds>
<connecteds>
als	w3312
</connecteds>
<connecteds>
am	w3313
</connecteds>
<connecteds>
Neuen	w3314
</connecteds>
<connecteds>
<g/>
=	w3315
<g/>
</connecteds>
<connecteds>
Jahrs	w3316
</connecteds>
<connecteds>
<g/>
=	w3317
<g/>
</connecteds>
<connecteds>
Tage	w3318
</connecteds>
<connecteds>
<g/>
/	w3319
<g/>
</connecteds>
<connecteds>
seynd	w3320
</connecteds>
<connecteds>
bey	w3321
</connecteds>
<connecteds>
Hof	w3322
</connecteds>
<connecteds>
die	w3323
</connecteds>
<connecteds>
gewöhnliche	w3324
</connecteds>
<connecteds>
Glüks	w3325
</connecteds>
<connecteds>
<g/>
=	w3326
<g/>
</connecteds>
<connecteds>
wün=schungen	w3327
</connecteds>
<connecteds>
<g/>
=	w3328
<g/>
</connecteds>
<connecteds>
abgeleget	w3329
</connecteds>
<connecteds>
worden	w3330
</connecteds>
<connecteds>
<g/>
;	w3331
<g/>
</connecteds>
<connecteds>
dann	w3332
</connecteds>
<connecteds>
hat	w3333
</connecteds>
<connecteds>
sich	w3334
</connecteds>
<connecteds>
Vor	w3335
</connecteds>
<connecteds>
<g/>
=	w3336
<g/>
</connecteds>
<connecteds>
mittag	w3337
</connecteds>
<connecteds>
der	w3338
</connecteds>
<connecteds>
Allerhöchste	w3339
</connecteds>
<connecteds>
Mo=narch	w3340
</connecteds>
<connecteds>
<g/>
=	w3341
<g/>
</connecteds>
<connecteds>
in	w3342
</connecteds>
<connecteds>
Aufwartung	w3343
</connecteds>
<connecteds>
deren	w3344
</connecteds>
<connecteds>
Herren	w3345
</connecteds>
<connecteds>
Rittern	w3346
</connecteds>
<connecteds>
des	w3347
</connecteds>
<connecteds>
goldenen	w3348
</connecteds>
<connecteds>
Vlieses	w3349
</connecteds>
<connecteds>
<g/>
/	w3350
<g/>
</connecteds>
<connecteds>
und	w3351
</connecteds>
<connecteds>
gewöhnlichen	w3352
</connecteds>
<connecteds>
Hof	w3353
</connecteds>
<connecteds>
<g/>
=	w3354
<g/>
</connecteds>
<connecteds>
Gefolgs	w3355
</connecteds>
<connecteds>
<g/>
/	w3356
<g/>
</connecteds>
<connecteds>
in	w3357
</connecteds>
<connecteds>
die	w3358
</connecteds>
<connecteds>
Kirchen	w3359
</connecteds>
<connecteds>
des	w3360
</connecteds>
<connecteds>
Kaiserl	w3361
</connecteds>
<connecteds>
<g/>
.	w3362
<g/>
</connecteds>
<connecteds>
Profeß	w3363
</connecteds>
<connecteds>
<g/>
=	w3364
<g/>
</connecteds>
<connecteds>
Hauses	w3365
</connecteds>
<connecteds>
der	w3366
</connecteds>
<connecteds>
Soc	w3367
</connecteds>
<connecteds>
<g/>
.	w3368
<g/>
</connecteds>
<connecteds>
JEsu	w3369
</connecteds>
<connecteds>
erhoben	w3370
</connecteds>
<connecteds>
<g/>
/	w3371
<g/>
</connecteds>
<connecteds>
und	w3372
</connecteds>
<connecteds>
daselbst	w3373
</connecteds>
<connecteds>
dem	w3374
</connecteds>
<connecteds>
jährlichen	w3375
</connecteds>
<connecteds>
GOttes	w3376
</connecteds>
<connecteds>
<g/>
=	w3377
<g/>
</connecteds>
<connecteds>
Dienst	w3378
</connecteds>
<connecteds>
ab=gewartet	w3379
</connecteds>
<connecteds>
<g/>
=	w3380
<g/>
</connecteds>
<connecteds>
<g/>
.	w3381
<g/>
</connecteds>
</p>
<p id="p43">
Allerhöchst	w3382
<connecteds>
<g/>
=	w3383
<g/>
</connecteds>
<connecteds>
gedacht	w3384
</connecteds>
<connecteds>
Jhre	w3385
</connecteds>
<connecteds>
Kaiserl	w3386
</connecteds>
<connecteds>
<g/>
.	w3387
<g/>
</connecteds>
<connecteds>
Königl	w3388
</connecteds>
<connecteds>
<g/>
.	w3389
<g/>
</connecteds>
<connecteds>
Majest	w3390
</connecteds>
<connecteds>
<g/>
.	w3391
<g/>
</connecteds>
<connecteds>
haben	w3392
</connecteds>
<connecteds>
den	w3393
</connecteds>
<connecteds>
<g/>
(	w3394
<g/>
</connecteds>
<connecteds>
Tit	w3395
</connecteds>
<connecteds>
<g/>
.	w3396
<g/>
</connecteds>
<connecteds>
<g/>
)	w3397
<g/>
</connecteds>
<connecteds>
Hrn	w3398
</connecteds>
<connecteds>
<g/>
.	w3399
<g/>
</connecteds>
<connecteds>
Corfitz	w3400
</connecteds>
<connecteds>
Anton	w3401
</connecteds>
<connecteds>
des	w3402
</connecteds>
<connecteds>
H	w3403
</connecteds>
<connecteds>
<g/>
.	w3404
<g/>
</connecteds>
<connecteds>
R	w3405
</connecteds>
<connecteds>
<g/>
.	w3406
<g/>
</connecteds>
<connecteds>
Reichs	w3407
</connecteds>
<connecteds>
Graf	w3408
</connecteds>
<connecteds>
von	w3409
</connecteds>
<connecteds>
Ullfeld	w3410
</connecteds>
<connecteds>
ꝛc	w3411
</connecteds>
<connecteds>
<g/>
.	w3412
<g/>
</connecteds>
<connecteds>
dero	w3413
</connecteds>
<connecteds>
würkl	w3414
</connecteds>
<connecteds>
<g/>
.	w3415
<g/>
</connecteds>
<connecteds>
ge=heimen	w3416
</connecteds>
<connecteds>
<g/>
=	w3417
<g/>
</connecteds>
<connecteds>
Raht	w3418
</connecteds>
<connecteds>
<g/>
/	w3419
<g/>
</connecteds>
<connecteds>
Kammerern	w3420
</connecteds>
<connecteds>
<g/>
/	w3421
<g/>
</connecteds>
<connecteds>
und	w3422
</connecteds>
<connecteds>
Reichs	w3423
</connecteds>
<connecteds>
<g/>
=	w3424
<g/>
</connecteds>
<connecteds>
Hof	w3425
</connecteds>
<connecteds>
<g/>
=	w3426
<g/>
</connecteds>
<connecteds>
Raht	w3427
</connecteds>
<connecteds>
<g/>
/	w3428
<g/>
</connecteds>
<connecteds>
zu	w3429
</connecteds>
<connecteds>
Dero	w3430
</connecteds>
<connecteds>
Groß	w3431
</connecteds>
<connecteds>
<g/>
=	w3432
<g/>
</connecteds>
<connecteds>
Botschaf=tern	w3433
</connecteds>
<connecteds>
<g/>
=	w3434
<g/>
</connecteds>
<connecteds>
bey	w3435
</connecteds>
<connecteds>
der	w3436
</connecteds>
<connecteds>
Ottomannischen	w3437
</connecteds>
<connecteds>
Pforte	w3438
</connecteds>
<connecteds>
Allergnädigst	w3439
</connecteds>
<connecteds>
zu	w3440
</connecteds>
<connecteds>
ernennen	w3441
</connecteds>
<connecteds>
geruhet	w3442
</connecteds>
<connecteds>
<g/>
.	w3443
<g/>
</connecteds>
</p>
<p id="p44">
Ordnung	w3444
<connecteds>
<g/>
/	w3445
<g/>
</connecteds>
<connecteds>
wie	w3446
</connecteds>
<connecteds>
das	w3447
</connecteds>
<connecteds>
H	w3448
</connecteds>
<connecteds>
<g/>
.	w3449
<g/>
</connecteds>
<connecteds>
viertzig=stündige	w3450
</connecteds>
<connecteds>
<g/>
=	w3451
<g/>
</connecteds>
<connecteds>
Gebett	w3452
</connecteds>
<connecteds>
vor	w3453
</connecteds>
<connecteds>
ausgesetzten	w3454
</connecteds>
<connecteds>
Hoch=würdigsten	w3455
</connecteds>
<connecteds>
<g/>
=	w3456
<g/>
</connecteds>
<connecteds>
Altars	w3457
</connecteds>
<connecteds>
<g/>
=	w3458
<g/>
</connecteds>
<connecteds>
Sacrament	w3459
</connecteds>
<connecteds>
in	w3460
</connecteds>
<connecteds>
alhiesiger	w3461
</connecteds>
<connecteds>
Kaiserlichen	w3462
</connecteds>
<connecteds>
Residentz	w3463
</connecteds>
<connecteds>
<g/>
=	w3464
<g/>
</connecteds>
<connecteds>
Stadt	w3465
</connecteds>
<connecteds>
Wien	w3466
</connecteds>
<connecteds>
in	w3467
</connecteds>
<connecteds>
dem	w3468
</connecteds>
<connecteds>
Monat	w3469
</connecteds>
<connecteds>
Januarii	w3470
</connecteds>
<connecteds>
1740	w3471
</connecteds>
<connecteds>
<g/>
.	w3472
<g/>
</connecteds>
<connecteds>
ge=halten	w3473
</connecteds>
<connecteds>
<g/>
=	w3474
<g/>
</connecteds>
<connecteds>
wird	w3475
</connecteds>
<connecteds>
<g/>
.	w3476
<g/>
</connecteds>
</p>
<p id="p45">
NB	w3477
<connecteds>
<g/>
.	w3478
<g/>
</connecteds>
<connecteds>
Bey	w3479
</connecteds>
<connecteds>
diesem	w3480
</connecteds>
<connecteds>
eintrettenden	w3481
</connecteds>
<connecteds>
1ten	w3482
</connecteds>
<connecteds>
Jah=res	w3483
</connecteds>
<connecteds>
<g/>
=	w3484
<g/>
</connecteds>
<connecteds>
<g/>
=	w3485
<g/>
</connecteds>
<connecteds>
Quartal	w3486
</connecteds>
<connecteds>
werden	w3487
</connecteds>
<connecteds>
abermalen	w3488
</connecteds>
<connecteds>
die	w3489
</connecteds>
<connecteds>
Liebha=ber	w3490
</connecteds>
<connecteds>
<g/>
=	w3491
<g/>
</connecteds>
<connecteds>
dieses	w3492
</connecteds>
<connecteds>
Wienerischen	w3493
</connecteds>
<connecteds>
Diarii	w3494
</connecteds>
<connecteds>
<g/>
,	w3495
<g/>
</connecteds>
<connecteds>
als	w3496
</connecteds>
<connecteds>
auch	w3497
</connecteds>
<connecteds>
des	w3498
</connecteds>
<connecteds>
Post	w3499
</connecteds>
<connecteds>
täglichen	w3500
</connecteds>
<connecteds>
Frag	w3501
</connecteds>
<connecteds>
<g/>
=	w3502
<g/>
</connecteds>
<connecteds>
und	w3503
</connecteds>
<connecteds>
Kundschafts	w3504
</connecteds>
<connecteds>
<g/>
=	w3505
<g/>
</connecteds>
<connecteds>
Bo=gens	w3506
</connecteds>
<connecteds>
<g/>
=	w3507
<g/>
</connecteds>
<connecteds>
<g/>
/	w3508
<g/>
</connecteds>
<connecteds>
nach	w3509
</connecteds>
<connecteds>
Standes	w3510
</connecteds>
<connecteds>
<g/>
=	w3511
<g/>
</connecteds>
<connecteds>
Würden	w3512
</connecteds>
<connecteds>
<g/>
/	w3513
<g/>
</connecteds>
<connecteds>
um	w3514
</connecteds>
<connecteds>
deren	w3515
</connecteds>
<connecteds>
gewöhnliche	w3516
</connecteds>
<connecteds>
vorhinein	w3517
</connecteds>
<connecteds>
<g/>
=	w3518
<g/>
</connecteds>
<connecteds>
Bezahlung	w3519
</connecteds>
<connecteds>
<g/>
/	w3520
<g/>
</connecteds>
<connecteds>
respe-ctiv	w3521
</connecteds>
<connecteds>
<g/>
-	w3522
<g/>
</connecteds>
<connecteds>
è	w3523
</connecteds>
<connecteds>
ersuchet	w3524
</connecteds>
<connecteds>
<g/>
/	w3525
<g/>
</connecteds>
<connecteds>
und	w3526
</connecteds>
<connecteds>
ermahnet	w3527
</connecteds>
<connecteds>
<g/>
.	w3528
<g/>
</connecteds>
</p>
<head id="hl26">
Lista	w3529
<connecteds>
deren	w3530
</connecteds>
<connecteds>
verstorbenen	w3531
</connecteds>
<connecteds>
zu	w3532
</connecteds>
<connecteds>
Wien	w3533
</connecteds>
<connecteds>
in	w3534
</connecteds>
<connecteds>
<g/>
=	w3535
<g/>
</connecteds>
<connecteds>
und	w3536
</connecteds>
<connecteds>
vor	w3537
</connecteds>
<connecteds>
der	w3538
</connecteds>
<connecteds>
Stadt	w3539
</connecteds>
<connecteds>
<g/>
.	w3540
<g/>
</connecteds>
</head>
<head id="hl27">
Den	w3541
<connecteds>
29	w3542
</connecteds>
<connecteds>
<g/>
.	w3543
<g/>
</connecteds>
<connecteds>
December	w3544
</connecteds>
<connecteds>
<g/>
.	w3545
<g/>
</connecteds>
</head>
<head id="hl28">
Jn	w3546
<connecteds>
der	w3547
</connecteds>
<connecteds>
Stadt	w3548
</connecteds>
<connecteds>
<g/>
.	w3549
<g/>
</connecteds>
</head>
<list id="">
Der	w3550
<connecteds>
Edel	w3551
</connecteds>
<connecteds>
<g/>
=	w3552
<g/>
</connecteds>
<connecteds>
gestrenge	w3553
</connecteds>
<connecteds>
Hr	w3554
</connecteds>
<connecteds>
<g/>
.	w3555
<g/>
</connecteds>
<connecteds>
Jobannes	w3556
</connecteds>
<connecteds>
Baxsche	w3557
</connecteds>
<connecteds>
<g/>
/	w3558
<g/>
</connecteds>
<connecteds>
Königl	w3559
</connecteds>
<connecteds>
<g/>
.	w3560
<g/>
</connecteds>
<connecteds>
Hungarischer	w3561
</connecteds>
<connecteds>
Hof	w3562
</connecteds>
<connecteds>
<g/>
=	w3563
<g/>
</connecteds>
<connecteds>
Cantzley	w3564
</connecteds>
<connecteds>
Agent	w3565
</connecteds>
<connecteds>
<g/>
/	w3566
<g/>
</connecteds>
<connecteds>
in	w3567
</connecteds>
<connecteds>
dem	w3568
</connecteds>
<connecteds>
Hederichischen	w3569
</connecteds>
<connecteds>
H	w3570
</connecteds>
<connecteds>
<g/>
.	w3571
<g/>
</connecteds>
<connecteds>
am	w3572
</connecteds>
<connecteds>
alten	w3573
</connecteds>
<connecteds>
Haar=markt	w3574
</connecteds>
<connecteds>
<g/>
=	w3575
<g/>
</connecteds>
<connecteds>
<g/>
/	w3576
<g/>
</connecteds>
<connecteds>
alt	w3577
</connecteds>
<connecteds>
48	w3578
</connecteds>
<connecteds>
J	w3579
</connecteds>
<connecteds>
<g/>
.	w3580
<g/>
</connecteds>
<connecteds>
Dem	w3581
</connecteds>
<connecteds>
Hrn	w3582
</connecteds>
<connecteds>
<g/>
.	w3583
<g/>
</connecteds>
<connecteds>
Joseph	w3584
</connecteds>
<connecteds>
Wagner	w3585
</connecteds>
<connecteds>
<g/>
/	w3586
<g/>
</connecteds>
<connecteds>
Gemeiner	w3587
</connecteds>
<connecteds>
Stab	w3588
</connecteds>
<connecteds>
<g/>
=	w3589
<g/>
</connecteds>
<connecteds>
Buchhalterey	w3590
</connecteds>
<connecteds>
<g/>
=	w3591
<g/>
</connecteds>
<connecteds>
Rait	w3592
</connecteds>
<connecteds>
<g/>
=	w3593
<g/>
</connecteds>
<connecteds>
Officiern	w3594
</connecteds>
<connecteds>
s	w3595
</connecteds>
<connecteds>
T	w3596
</connecteds>
<connecteds>
<g/>
.	w3597
<g/>
</connecteds>
<connecteds>
Juliana	w3598
</connecteds>
<connecteds>
<g/>
/	w3599
<g/>
</connecteds>
<connecteds>
in	w3600
</connecteds>
<connecteds>
dem	w3601
</connecteds>
<connecteds>
Kloster	w3602
</connecteds>
<connecteds>
<g/>
=	w3603
<g/>
</connecteds>
<connecteds>
Zwettel	w3604
</connecteds>
<connecteds>
<g/>
=	w3605
<g/>
</connecteds>
<connecteds>
H	w3606
</connecteds>
<connecteds>
<g/>
.	w3607
<g/>
</connecteds>
<connecteds>
alt	w3608
</connecteds>
<connecteds>
5	w3609
</connecteds>
<connecteds>
<g/>
.	w3610
<g/>
</connecteds>
<connecteds>
viertel	w3611
</connecteds>
<connecteds>
J	w3612
</connecteds>
<connecteds>
<g/>
.	w3613
<g/>
</connecteds>
<connecteds>
Dem	w3614
</connecteds>
<connecteds>
Johann	w3615
</connecteds>
<connecteds>
Hecht	w3616
</connecteds>
<connecteds>
<g/>
/	w3617
<g/>
</connecteds>
<connecteds>
Burgerl	w3618
</connecteds>
<connecteds>
<g/>
.	w3619
<g/>
</connecteds>
<connecteds>
Schneidern	w3620
</connecteds>
<connecteds>
s	w3621
</connecteds>
<connecteds>
<g/>
.	w3622
<g/>
</connecteds>
<connecteds>
T	w3623
</connecteds>
<connecteds>
<g/>
.	w3624
<g/>
</connecteds>
<connecteds>
Barbara	w3625
</connecteds>
<connecteds>
<g/>
/	w3626
<g/>
</connecteds>
<connecteds>
in	w3627
</connecteds>
<connecteds>
dem	w3628
</connecteds>
<connecteds>
Bognerischen	w3629
</connecteds>
<connecteds>
H	w3630
</connecteds>
<connecteds>
<g/>
.	w3631
<g/>
</connecteds>
<connecteds>
am	w3632
</connecteds>
<connecteds>
Kohl	w3633
</connecteds>
<connecteds>
<g/>
=	w3634
<g/>
</connecteds>
<connecteds>
markt	w3635
</connecteds>
<connecteds>
<g/>
/	w3636
<g/>
</connecteds>
<connecteds>
alt	w3637
</connecteds>
<connecteds>
13	w3638
</connecteds>
<connecteds>
<g/>
.	w3639
<g/>
</connecteds>
<connecteds>
J	w3640
</connecteds>
<connecteds>
<g/>
.	w3641
<g/>
</connecteds>
<connecteds>
Dem	w3642
</connecteds>
<connecteds>
Michael	w3643
</connecteds>
<connecteds>
Gnadenberger	w3644
</connecteds>
<connecteds>
<g/>
/	w3645
<g/>
</connecteds>
<connecteds>
Haus	w3646
</connecteds>
<connecteds>
<g/>
=	w3647
<g/>
</connecteds>
<connecteds>
meistern	w3648
</connecteds>
<connecteds>
in	w3649
</connecteds>
<connecteds>
Gaminger	w3650
</connecteds>
<connecteds>
<g/>
=	w3651
<g/>
</connecteds>
<connecteds>
Hof	w3652
</connecteds>
<connecteds>
<g/>
/	w3653
<g/>
</connecteds>
<connecteds>
s	w3654
</connecteds>
<connecteds>
<g/>
.	w3655
<g/>
</connecteds>
<connecteds>
K	w3656
</connecteds>
<connecteds>
<g/>
.	w3657
<g/>
</connecteds>
<connecteds>
Anton	w3658
</connecteds>
<connecteds>
<g/>
/	w3659
<g/>
</connecteds>
<connecteds>
alda	w3660
</connecteds>
<connecteds>
<g/>
/	w3661
<g/>
</connecteds>
<connecteds>
alt	w3662
</connecteds>
<connecteds>
6	w3663
</connecteds>
<connecteds>
<g/>
.	w3664
<g/>
</connecteds>
<connecteds>
J	w3665
</connecteds>
<connecteds>
<g/>
.	w3666
<g/>
</connecteds>
</list>
<list id="">
Dem	w3668
<connecteds>
Frantz	w3669
</connecteds>
<connecteds>
Beutel	w3670
</connecteds>
<connecteds>
<g/>
/	w3671
<g/>
</connecteds>
<connecteds>
Brief	w3672
</connecteds>
<connecteds>
<g/>
=	w3673
<g/>
</connecteds>
<connecteds>
Tragern	w3674
</connecteds>
<connecteds>
<g/>
/	w3675
<g/>
</connecteds>
<connecteds>
s	w3676
</connecteds>
<connecteds>
<g/>
.	w3677
<g/>
</connecteds>
<connecteds>
K	w3678
</connecteds>
<connecteds>
<g/>
.	w3679
<g/>
</connecteds>
<connecteds>
Jo=seph	w3680
</connecteds>
<connecteds>
<g/>
=	w3681
<g/>
</connecteds>
<connecteds>
<g/>
/	w3682
<g/>
</connecteds>
<connecteds>
im	w3683
</connecteds>
<connecteds>
Steyrer	w3684
</connecteds>
<connecteds>
<g/>
=	w3685
<g/>
</connecteds>
<connecteds>
Hof	w3686
</connecteds>
<connecteds>
<g/>
/	w3687
<g/>
</connecteds>
<connecteds>
alt	w3688
</connecteds>
<connecteds>
3	w3689
</connecteds>
<connecteds>
<g/>
.	w3690
<g/>
</connecteds>
<connecteds>
J	w3691
</connecteds>
<connecteds>
<g/>
.	w3692
<g/>
</connecteds>
<connecteds>
Anna	w3693
</connecteds>
<connecteds>
Rumpfin	w3694
</connecteds>
<connecteds>
<g/>
/	w3695
<g/>
</connecteds>
<connecteds>
led	w3696
</connecteds>
<connecteds>
<g/>
.	w3697
<g/>
</connecteds>
<connecteds>
W	w3698
</connecteds>
<connecteds>
<g/>
.	w3699
<g/>
</connecteds>
<connecteds>
in	w3700
</connecteds>
<connecteds>
dem	w3701
</connecteds>
<connecteds>
Schmudereri=schen	w3702
</connecteds>
<connecteds>
<g/>
=	w3703
<g/>
</connecteds>
<connecteds>
H	w3704
</connecteds>
<connecteds>
<g/>
.	w3705
<g/>
</connecteds>
<connecteds>
am	w3706
</connecteds>
<connecteds>
Peters	w3707
</connecteds>
<connecteds>
<g/>
=	w3708
<g/>
</connecteds>
<connecteds>
Freyt	w3709
</connecteds>
<connecteds>
<g/>
=	w3710
<g/>
</connecteds>
<connecteds>
hof	w3711
</connecteds>
<connecteds>
<g/>
/	w3712
<g/>
</connecteds>
<connecteds>
alt	w3713
</connecteds>
<connecteds>
35	w3714
</connecteds>
<connecteds>
<g/>
.	w3715
<g/>
</connecteds>
<connecteds>
J	w3716
</connecteds>
<connecteds>
<g/>
.	w3717
<g/>
</connecteds>
<connecteds>
Barhara	w3718
</connecteds>
<connecteds>
Bräutigamin	w3719
</connecteds>
<connecteds>
<g/>
,	w3720
<g/>
</connecteds>
<connecteds>
alt	w3721
</connecteds>
<connecteds>
32	w3722
</connecteds>
<connecteds>
J	w3723
</connecteds>
<connecteds>
<g/>
.	w3724
<g/>
</connecteds>
<connecteds>
und	w3725
</connecteds>
<connecteds>
Maria	w3726
</connecteds>
<connecteds>
Humblin	w3727
</connecteds>
<connecteds>
<g/>
/	w3728
<g/>
</connecteds>
<connecteds>
alt	w3729
</connecteds>
<connecteds>
14	w3730
</connecteds>
<connecteds>
<g/>
.	w3731
<g/>
</connecteds>
<connecteds>
J	w3732
</connecteds>
<connecteds>
<g/>
.	w3733
<g/>
</connecteds>
<connecteds>
beede	w3734
</connecteds>
<connecteds>
in	w3735
</connecteds>
<connecteds>
dem	w3736
</connecteds>
<connecteds>
Burger	w3737
</connecteds>
<connecteds>
<g/>
=	w3738
<g/>
</connecteds>
<connecteds>
Spittal	w3739
</connecteds>
<connecteds>
<g/>
.	w3740
<g/>
</connecteds>
</list>
<head id="hl29">
Vor	w3741
<connecteds>
der	w3742
</connecteds>
<connecteds>
Stadt	w3743
</connecteds>
<connecteds>
<g/>
.	w3744
<g/>
</connecteds>
</head>
<list id="">
Dem	w3745
<connecteds>
Hrn	w3746
</connecteds>
<connecteds>
<g/>
.	w3747
<g/>
</connecteds>
<connecteds>
Johann	w3748
</connecteds>
<connecteds>
Pentolphi	w3749
</connecteds>
<connecteds>
<g/>
/	w3750
<g/>
</connecteds>
<connecteds>
Kaiserl	w3751
</connecteds>
<connecteds>
<g/>
.	w3752
<g/>
</connecteds>
<connecteds>
Feld	w3753
</connecteds>
<connecteds>
<g/>
=	w3754
<g/>
</connecteds>
<connecteds>
Curriern	w3755
</connecteds>
<connecteds>
<g/>
.	w3756
<g/>
</connecteds>
<connecteds>
s	w3757
</connecteds>
<connecteds>
<g/>
.	w3758
<g/>
</connecteds>
<connecteds>
K	w3759
</connecteds>
<connecteds>
<g/>
.	w3760
<g/>
</connecteds>
<connecteds>
Maria	w3761
</connecteds>
<connecteds>
Anna	w3762
</connecteds>
<connecteds>
<g/>
/	w3763
<g/>
</connecteds>
<connecteds>
bey	w3764
</connecteds>
<connecteds>
dem	w3765
</connecteds>
<connecteds>
brau=nen	w3766
</connecteds>
<connecteds>
<g/>
=	w3767
<g/>
</connecteds>
<connecteds>
Hirschen	w3768
</connecteds>
<connecteds>
auf	w3769
</connecteds>
<connecteds>
der	w3770
</connecteds>
<connecteds>
Land	w3771
</connecteds>
<connecteds>
<g/>
=	w3772
<g/>
</connecteds>
<connecteds>
strassen	w3773
</connecteds>
<connecteds>
<g/>
/	w3774
<g/>
</connecteds>
<connecteds>
alt	w3775
</connecteds>
<connecteds>
2	w3776
</connecteds>
<connecteds>
<g/>
.	w3777
<g/>
</connecteds>
<connecteds>
J	w3778
</connecteds>
<connecteds>
<g/>
.	w3779
<g/>
</connecteds>
<connecteds>
Jacob	w3780
</connecteds>
<connecteds>
Sutner	w3781
</connecteds>
<connecteds>
<g/>
/	w3782
<g/>
</connecteds>
<connecteds>
Kutscher	w3783
</connecteds>
<connecteds>
<g/>
/	w3784
<g/>
</connecteds>
<connecteds>
in	w3785
</connecteds>
<connecteds>
dem	w3786
</connecteds>
<connecteds>
Blumentha=lischen	w3787
</connecteds>
<connecteds>
<g/>
=	w3788
<g/>
</connecteds>
<connecteds>
Garten	w3789
</connecteds>
<connecteds>
auf	w3790
</connecteds>
<connecteds>
der	w3791
</connecteds>
<connecteds>
Land	w3792
</connecteds>
<connecteds>
<g/>
=	w3793
<g/>
</connecteds>
<connecteds>
strassen	w3794
</connecteds>
<connecteds>
<g/>
/	w3795
<g/>
</connecteds>
<connecteds>
alt	w3796
</connecteds>
<connecteds>
39	w3797
</connecteds>
<connecteds>
<g/>
.	w3798
<g/>
</connecteds>
<connecteds>
Jahr	w3799
</connecteds>
<connecteds>
<g/>
.	w3800
<g/>
</connecteds>
<connecteds>
Dem	w3801
</connecteds>
<connecteds>
Joseph	w3802
</connecteds>
<connecteds>
Ziegler	w3803
</connecteds>
<connecteds>
<g/>
/	w3804
<g/>
</connecteds>
<connecteds>
Vorreitern	w3805
</connecteds>
<connecteds>
<g/>
/	w3806
<g/>
</connecteds>
<connecteds>
s	w3807
</connecteds>
<connecteds>
<g/>
.	w3808
<g/>
</connecteds>
<connecteds>
K	w3809
</connecteds>
<connecteds>
<g/>
.	w3810
<g/>
</connecteds>
<connecteds>
Eleo=nora	w3811
</connecteds>
<connecteds>
<g/>
=	w3812
<g/>
</connecteds>
<connecteds>
<g/>
/	w3813
<g/>
</connecteds>
<connecteds>
bey	w3814
</connecteds>
<connecteds>
dem	w3815
</connecteds>
<connecteds>
schwartzen	w3816
</connecteds>
<connecteds>
Thor	w3817
</connecteds>
<connecteds>
in	w3818
</connecteds>
<connecteds>
der	w3819
</connecteds>
<connecteds>
Ros=sau	w3820
</connecteds>
<connecteds>
<g/>
=	w3821
<g/>
</connecteds>
<connecteds>
alt	w3822
</connecteds>
<connecteds>
1	w3823
</connecteds>
<connecteds>
<g/>
.	w3824
<g/>
</connecteds>
<connecteds>
J	w3825
</connecteds>
<connecteds>
<g/>
.	w3826
<g/>
</connecteds>
<connecteds>
Georg	w3827
</connecteds>
<connecteds>
Tochtermann	w3828
</connecteds>
<connecteds>
<g/>
/	w3829
<g/>
</connecteds>
<connecteds>
alt	w3830
</connecteds>
<connecteds>
22	w3831
</connecteds>
<connecteds>
<g/>
.	w3832
<g/>
</connecteds>
<connecteds>
J	w3833
</connecteds>
<connecteds>
<g/>
.	w3834
<g/>
</connecteds>
<connecteds>
und	w3835
</connecteds>
<connecteds>
Simon	w3836
</connecteds>
<connecteds>
Zwack	w3837
</connecteds>
<connecteds>
<g/>
/	w3838
<g/>
</connecteds>
<connecteds>
alt	w3839
</connecteds>
<connecteds>
24	w3840
</connecteds>
<connecteds>
<g/>
.	w3841
<g/>
</connecteds>
<connecteds>
J	w3842
</connecteds>
<connecteds>
<g/>
.	w3843
<g/>
</connecteds>
<connecteds>
beede	w3844
</connecteds>
<connecteds>
bey	w3845
</connecteds>
<connecteds>
denen	w3846
</connecteds>
<connecteds>
FF	w3847
</connecteds>
<connecteds>
<g/>
.	w3848
<g/>
</connecteds>
<connecteds>
Mise-ricord	w3849
</connecteds>
<connecteds>
<g/>
-	w3850
<g/>
</connecteds>
<connecteds>
<g/>
.	w3851
<g/>
</connecteds>
<connecteds>
Dem	w3852
</connecteds>
<connecteds>
Lorentz	w3853
</connecteds>
<connecteds>
Schmidt	w3854
</connecteds>
<connecteds>
<g/>
/	w3855
<g/>
</connecteds>
<connecteds>
Kutschern	w3856
</connecteds>
<connecteds>
<g/>
/	w3857
<g/>
</connecteds>
<connecteds>
s	w3858
</connecteds>
<connecteds>
<g/>
.	w3859
<g/>
</connecteds>
<connecteds>
K	w3860
</connecteds>
<connecteds>
<g/>
.	w3861
<g/>
</connecteds>
<connecteds>
The=resia	w3862
</connecteds>
<connecteds>
<g/>
=	w3863
<g/>
</connecteds>
<connecteds>
bey	w3864
</connecteds>
<connecteds>
denen	w3865
</connecteds>
<connecteds>
3	w3866
</connecteds>
<connecteds>
<g/>
.	w3867
<g/>
</connecteds>
<connecteds>
Laufern	w3868
</connecteds>
<connecteds>
im	w3869
</connecteds>
<connecteds>
Liechtenthal	w3870
</connecteds>
<connecteds>
<g/>
/	w3871
<g/>
</connecteds>
<connecteds>
alt	w3872
</connecteds>
<connecteds>
2	w3873
</connecteds>
<connecteds>
<g/>
.	w3874
<g/>
</connecteds>
<connecteds>
J	w3875
</connecteds>
<connecteds>
<g/>
.	w3876
<g/>
</connecteds>
<connecteds>
Mathias	w3877
</connecteds>
<connecteds>
Linder	w3878
</connecteds>
<connecteds>
<g/>
/	w3879
<g/>
</connecteds>
<connecteds>
armer	w3880
</connecteds>
<connecteds>
Jung	w3881
</connecteds>
<connecteds>
<g/>
/	w3882
<g/>
</connecteds>
<connecteds>
in	w3883
</connecteds>
<connecteds>
dem	w3884
</connecteds>
<connecteds>
Mehl=messerischen	w3885
</connecteds>
<connecteds>
<g/>
=	w3886
<g/>
</connecteds>
<connecteds>
H	w3887
</connecteds>
<connecteds>
<g/>
.	w3888
<g/>
</connecteds>
<connecteds>
auf	w3889
</connecteds>
<connecteds>
der	w3890
</connecteds>
<connecteds>
Wieden	w3891
</connecteds>
<connecteds>
<g/>
/	w3892
<g/>
</connecteds>
<connecteds>
alt	w3893
</connecteds>
<connecteds>
15	w3894
</connecteds>
<connecteds>
<g/>
.	w3895
<g/>
</connecteds>
<connecteds>
J	w3896
</connecteds>
<connecteds>
<g/>
.	w3897
<g/>
</connecteds>
<connecteds>
Dem	w3898
</connecteds>
<connecteds>
Mathias	w3899
</connecteds>
<connecteds>
Gutleberer	w3900
</connecteds>
<connecteds>
<g/>
/	w3901
<g/>
</connecteds>
<connecteds>
Tag	w3902
</connecteds>
<connecteds>
<g/>
=	w3903
<g/>
</connecteds>
<connecteds>
werkern	w3904
</connecteds>
<connecteds>
<g/>
/	w3905
<g/>
</connecteds>
<connecteds>
s	w3906
</connecteds>
<connecteds>
<g/>
.	w3907
<g/>
</connecteds>
<connecteds>
K	w3908
</connecteds>
<connecteds>
<g/>
.	w3909
<g/>
</connecteds>
<connecteds>
Theresia	w3910
</connecteds>
<connecteds>
<g/>
/	w3911
<g/>
</connecteds>
<connecteds>
bey	w3912
</connecteds>
<connecteds>
dem	w3913
</connecteds>
<connecteds>
weissen	w3914
</connecteds>
<connecteds>
Lämmel	w3915
</connecteds>
<connecteds>
auffer	w3916
</connecteds>
<connecteds>
der	w3917
</connecteds>
<connecteds>
Rossau	w3918
</connecteds>
<connecteds>
<g/>
/	w3919
<g/>
</connecteds>
<connecteds>
alt	w3920
</connecteds>
<connecteds>
7	w3921
</connecteds>
<connecteds>
<g/>
.	w3922
<g/>
</connecteds>
<connecteds>
viertel	w3923
</connecteds>
<connecteds>
J	w3924
</connecteds>
<connecteds>
<g/>
.	w3925
<g/>
</connecteds>
<connecteds>
Augustin	w3926
</connecteds>
<connecteds>
N	w3927
</connecteds>
<connecteds>
<g/>
.	w3928
<g/>
</connecteds>
<connecteds>
in	w3929
</connecteds>
<connecteds>
dem	w3930
</connecteds>
<connecteds>
Kranken	w3931
</connecteds>
<connecteds>
H	w3932
</connecteds>
<connecteds>
<g/>
.	w3933
<g/>
</connecteds>
<connecteds>
alt	w3934
</connecteds>
<connecteds>
39	w3935
</connecteds>
<connecteds>
<g/>
.	w3936
<g/>
</connecteds>
<connecteds>
J	w3937
</connecteds>
<connecteds>
<g/>
.	w3938
<g/>
</connecteds>
<connecteds>
Eva	w3939
</connecteds>
<connecteds>
N	w3940
</connecteds>
<connecteds>
<g/>
.	w3941
<g/>
</connecteds>
<connecteds>
zu	w3942
</connecteds>
<connecteds>
St	w3943
</connecteds>
<connecteds>
<g/>
.	w3944
<g/>
</connecteds>
<connecteds>
Marx	w3945
</connecteds>
<connecteds>
<g/>
=	w3946
<g/>
</connecteds>
<connecteds>
alt	w3947
</connecteds>
<connecteds>
23	w3948
</connecteds>
<connecteds>
<g/>
.	w3949
<g/>
</connecteds>
<connecteds>
J	w3950
</connecteds>
<connecteds>
<g/>
.	w3951
<g/>
</connecteds>
</list>
<head id="hl30">
Den	w3952
<connecteds>
30	w3953
</connecteds>
<connecteds>
<g/>
.	w3954
<g/>
</connecteds>
<connecteds>
December	w3955
</connecteds>
<connecteds>
<g/>
.	w3956
<g/>
</connecteds>
</head>
<head id="hl31">
Jn	w3957
<connecteds>
der	w3958
</connecteds>
<connecteds>
Stadt	w3959
</connecteds>
<connecteds>
<g/>
.	w3960
<g/>
</connecteds>
</head>
<list id="">
Dem	w3961
<connecteds>
Joseph	w3962
</connecteds>
<connecteds>
Auer	w3963
</connecteds>
<connecteds>
<g/>
/	w3964
<g/>
</connecteds>
<connecteds>
Bestand	w3965
</connecteds>
<connecteds>
<g/>
=	w3966
<g/>
</connecteds>
<connecteds>
Wirten	w3967
</connecteds>
<connecteds>
<g/>
/	w3968
<g/>
</connecteds>
<connecteds>
s	w3969
</connecteds>
<connecteds>
<g/>
.	w3970
<g/>
</connecteds>
<connecteds>
W	w3971
</connecteds>
<connecteds>
<g/>
.	w3972
<g/>
</connecteds>
<connecteds>
Ca=tharina	w3973
</connecteds>
<connecteds>
<g/>
=	w3974
<g/>
</connecteds>
<connecteds>
<g/>
/	w3975
<g/>
</connecteds>
<connecteds>
auf	w3976
</connecteds>
<connecteds>
der	w3977
</connecteds>
<connecteds>
Schotten	w3978
</connecteds>
<connecteds>
<g/>
=	w3979
<g/>
</connecteds>
<connecteds>
Bastey	w3980
</connecteds>
<connecteds>
<g/>
/	w3981
<g/>
</connecteds>
<connecteds>
alt	w3982
</connecteds>
<connecteds>
25	w3983
</connecteds>
<connecteds>
<g/>
.	w3984
<g/>
</connecteds>
<connecteds>
Jahr	w3985
</connecteds>
<connecteds>
<g/>
.	w3986
<g/>
</connecteds>
<connecteds>
Anna	w3987
</connecteds>
<connecteds>
Mucklacherin	w3988
</connecteds>
<connecteds>
<g/>
/	w3989
<g/>
</connecteds>
<connecteds>
in	w3990
</connecteds>
<connecteds>
dem	w3991
</connecteds>
<connecteds>
Kaiserl	w3992
</connecteds>
<connecteds>
<g/>
.	w3993
<g/>
</connecteds>
<connecteds>
Hof	w3994
</connecteds>
<connecteds>
<g/>
=	w3995
<g/>
</connecteds>
<connecteds>
Spit=tal	w3996
</connecteds>
<connecteds>
<g/>
=	w3997
<g/>
</connecteds>
<connecteds>
<g/>
/	w3998
<g/>
</connecteds>
<connecteds>
alt	w3999
</connecteds>
<connecteds>
88	w4000
</connecteds>
<connecteds>
<g/>
.	w4001
<g/>
</connecteds>
<connecteds>
J	w4002
</connecteds>
<connecteds>
<g/>
.	w4003
<g/>
</connecteds>
</list>
<head id="hl32">
Vor	w4004
<connecteds>
der	w4005
</connecteds>
<connecteds>
Stadt	w4006
</connecteds>
<connecteds>
<g/>
.	w4007
<g/>
</connecteds>
</head>
<list id="">
Dem	w4008
<connecteds>
Wentzel	w4009
</connecteds>
<connecteds>
Zeckauer	w4010
</connecteds>
<connecteds>
<g/>
/	w4011
<g/>
</connecteds>
<connecteds>
Schuh	w4012
</connecteds>
<connecteds>
<g/>
=	w4013
<g/>
</connecteds>
<connecteds>
machern	w4014
</connecteds>
<connecteds>
<g/>
/	w4015
<g/>
</connecteds>
<connecteds>
s	w4016
</connecteds>
<connecteds>
<g/>
.	w4017
<g/>
</connecteds>
<connecteds>
K	w4018
</connecteds>
<connecteds>
<g/>
.	w4019
<g/>
</connecteds>
<connecteds>
Catharina	w4020
</connecteds>
<connecteds>
<g/>
/	w4021
<g/>
</connecteds>
<connecteds>
bey	w4022
</connecteds>
<connecteds>
dem	w4023
</connecteds>
<connecteds>
schwartzen	w4024
</connecteds>
<connecteds>
Elephanten	w4025
</connecteds>
<connecteds>
auf	w4026
</connecteds>
<connecteds>
der	w4027
</connecteds>
<connecteds>
Wieden	w4028
</connecteds>
<connecteds>
<g/>
/	w4029
<g/>
</connecteds>
<connecteds>
alt	w4030
</connecteds>
<connecteds>
5	w4031
</connecteds>
<connecteds>
<g/>
.	w4032
<g/>
</connecteds>
<connecteds>
viertel	w4033
</connecteds>
<connecteds>
J	w4034
</connecteds>
<connecteds>
<g/>
.	w4035
<g/>
</connecteds>
<connecteds>
Dem	w4036
</connecteds>
<connecteds>
Adam	w4037
</connecteds>
<connecteds>
Mantel	w4038
</connecteds>
<connecteds>
<g/>
/	w4039
<g/>
</connecteds>
<connecteds>
Tischlern	w4040
</connecteds>
<connecteds>
<g/>
/	w4041
<g/>
</connecteds>
<connecteds>
s	w4042
</connecteds>
<connecteds>
<g/>
.	w4043
<g/>
</connecteds>
<connecteds>
K	w4044
</connecteds>
<connecteds>
<g/>
.	w4045
<g/>
</connecteds>
<connecteds>
Clara	w4046
</connecteds>
<connecteds>
<g/>
/	w4047
<g/>
</connecteds>
<connecteds>
bey	w4048
</connecteds>
<connecteds>
dem	w4049
</connecteds>
<connecteds>
Huf	w4050
</connecteds>
<connecteds>
<g/>
=	w4051
<g/>
</connecteds>
<connecteds>
eisen	w4052
</connecteds>
<connecteds>
am	w4053
</connecteds>
<connecteds>
Neu	w4054
</connecteds>
<connecteds>
<g/>
=	w4055
<g/>
</connecteds>
<connecteds>
bau	w4056
</connecteds>
<connecteds>
<g/>
/	w4057
<g/>
</connecteds>
<connecteds>
alt	w4058
</connecteds>
<connecteds>
3	w4059
</connecteds>
<connecteds>
<g/>
.	w4060
<g/>
</connecteds>
<connecteds>
J	w4061
</connecteds>
<connecteds>
<g/>
.	w4062
<g/>
</connecteds>
<connecteds>
Dem	w4063
</connecteds>
<connecteds>
Christoph	w4064
</connecteds>
<connecteds>
Koller	w4065
</connecteds>
<connecteds>
<g/>
/	w4066
<g/>
</connecteds>
<connecteds>
Schuh	w4067
</connecteds>
<connecteds>
<g/>
=	w4068
<g/>
</connecteds>
<connecteds>
machern	w4069
</connecteds>
<connecteds>
<g/>
/	w4070
<g/>
</connecteds>
<connecteds>
s	w4071
</connecteds>
<connecteds>
<g/>
.	w4072
<g/>
</connecteds>
<connecteds>
K	w4073
</connecteds>
<connecteds>
<g/>
.	w4074
<g/>
</connecteds>
<connecteds>
Anton	w4075
</connecteds>
<connecteds>
<g/>
/	w4076
<g/>
</connecteds>
<connecteds>
bey	w4077
</connecteds>
<connecteds>
denen	w4078
</connecteds>
<connecteds>
7	w4079
</connecteds>
<connecteds>
<g/>
.	w4080
<g/>
</connecteds>
<connecteds>
Brünnen	w4081
</connecteds>
<connecteds>
am	w4082
</connecteds>
<connecteds>
Neustift	w4083
</connecteds>
<connecteds>
<g/>
/	w4084
<g/>
</connecteds>
<connecteds>
alt	w4085
</connecteds>
<connecteds>
4	w4086
</connecteds>
<connecteds>
<g/>
.	w4087
<g/>
</connecteds>
<connecteds>
J	w4088
</connecteds>
<connecteds>
<g/>
.	w4089
<g/>
</connecteds>
<connecteds>
Dem	w4090
</connecteds>
<connecteds>
Michbel	w4091
</connecteds>
<connecteds>
Sagmüller	w4092
</connecteds>
<connecteds>
<g/>
/	w4093
<g/>
</connecteds>
<connecteds>
Nacht	w4094
</connecteds>
<connecteds>
<g/>
=	w4095
<g/>
</connecteds>
<connecteds>
Wachtern	w4096
</connecteds>
<connecteds>
<g/>
/	w4097
<g/>
</connecteds>
<connecteds>
s	w4098
</connecteds>
<connecteds>
<g/>
.	w4099
<g/>
</connecteds>
<connecteds>
W	w4100
</connecteds>
<connecteds>
<g/>
.	w4101
<g/>
</connecteds>
<connecteds>
Magdalena	w4102
</connecteds>
<connecteds>
<g/>
/	w4103
<g/>
</connecteds>
<connecteds>
in	w4104
</connecteds>
<connecteds>
dem	w4105
</connecteds>
<connecteds>
Krausischen	w4106
</connecteds>
<connecteds>
H	w4107
</connecteds>
<connecteds>
<g/>
.	w4108
<g/>
</connecteds>
<connecteds>
im	w4109
</connecteds>
<connecteds>
Liechtenthal	w4110
</connecteds>
<connecteds>
<g/>
/	w4111
<g/>
</connecteds>
<connecteds>
alt	w4112
</connecteds>
<connecteds>
45	w4113
</connecteds>
<connecteds>
<g/>
.	w4114
<g/>
</connecteds>
<connecteds>
J	w4115
</connecteds>
<connecteds>
<g/>
.	w4116
<g/>
</connecteds>
</list>
<list id="">
Dem	w4117
<connecteds>
Andreas	w4118
</connecteds>
<connecteds>
Täuschel	w4119
</connecteds>
<connecteds>
Tag	w4120
</connecteds>
<connecteds>
<g/>
=	w4121
<g/>
</connecteds>
<connecteds>
werkern	w4122
</connecteds>
<connecteds>
<g/>
/	w4123
<g/>
</connecteds>
<connecteds>
s	w4124
</connecteds>
<connecteds>
<g/>
.	w4125
<g/>
</connecteds>
<connecteds>
W	w4126
</connecteds>
<connecteds>
<g/>
.	w4127
<g/>
</connecteds>
<connecteds>
Eva	w4128
</connecteds>
<connecteds>
<g/>
/	w4129
<g/>
</connecteds>
<connecteds>
bey	w4130
</connecteds>
<connecteds>
der	w4131
</connecteds>
<connecteds>
goldenen	w4132
</connecteds>
<connecteds>
Preß	w4133
</connecteds>
<connecteds>
auf	w4134
</connecteds>
<connecteds>
der	w4135
</connecteds>
<connecteds>
Wie=den	w4136
</connecteds>
<connecteds>
<g/>
=	w4137
<g/>
</connecteds>
<connecteds>
<g/>
/	w4138
<g/>
</connecteds>
<connecteds>
alt	w4139
</connecteds>
<connecteds>
55	w4140
</connecteds>
<connecteds>
<g/>
.	w4141
<g/>
</connecteds>
<connecteds>
J	w4142
</connecteds>
<connecteds>
<g/>
.	w4143
<g/>
</connecteds>
</list>
<head id="hl33">
Den	w4144
<connecteds>
31	w4145
</connecteds>
<connecteds>
<g/>
.	w4146
<g/>
</connecteds>
<connecteds>
December	w4147
</connecteds>
<connecteds>
<g/>
.	w4148
<g/>
</connecteds>
</head>
<head id="hl34">
Jn	w4149
<connecteds>
der	w4150
</connecteds>
<connecteds>
Stadt	w4151
</connecteds>
<connecteds>
<g/>
.	w4152
<g/>
</connecteds>
</head>
<p id="p46">
Niemand	w4153
<connecteds>
<g/>
.	w4154
<g/>
</connecteds>
</p>
<head id="hl35">
Vor	w4155
<connecteds>
der	w4156
</connecteds>
<connecteds>
Stadt	w4157
</connecteds>
<connecteds>
<g/>
.	w4158
<g/>
</connecteds>
</head>
<list id="">
Dem	w4159
<connecteds>
Adam	w4160
</connecteds>
<connecteds>
Hupfauer	w4161
</connecteds>
<connecteds>
<g/>
/	w4162
<g/>
</connecteds>
<connecteds>
gewesten	w4163
</connecteds>
<connecteds>
Cammer	w4164
</connecteds>
<connecteds>
<g/>
=	w4165
<g/>
</connecteds>
<connecteds>
die=nern	w4166
</connecteds>
<connecteds>
<g/>
=	w4167
<g/>
</connecteds>
<connecteds>
<g/>
/	w4168
<g/>
</connecteds>
<connecteds>
s	w4169
</connecteds>
<connecteds>
<g/>
.	w4170
<g/>
</connecteds>
<connecteds>
T	w4171
</connecteds>
<connecteds>
<g/>
.	w4172
<g/>
</connecteds>
<connecteds>
Elisabetha	w4173
</connecteds>
<connecteds>
<g/>
/	w4174
<g/>
</connecteds>
<connecteds>
bey	w4175
</connecteds>
<connecteds>
dem	w4176
</connecteds>
<connecteds>
goldenen	w4177
</connecteds>
<connecteds>
Engel	w4178
</connecteds>
<connecteds>
bey	w4179
</connecteds>
<connecteds>
Maria	w4180
</connecteds>
<connecteds>
<g/>
=	w4181
<g/>
</connecteds>
<connecteds>
Hülf	w4182
</connecteds>
<connecteds>
<g/>
/	w4183
<g/>
</connecteds>
<connecteds>
alt	w4184
</connecteds>
<connecteds>
36	w4185
</connecteds>
<connecteds>
<g/>
.	w4186
<g/>
</connecteds>
<connecteds>
J	w4187
</connecteds>
<connecteds>
<g/>
.	w4188
<g/>
</connecteds>
<connecteds>
Johann	w4189
</connecteds>
<connecteds>
Bull	w4190
</connecteds>
<connecteds>
<g/>
/	w4191
<g/>
</connecteds>
<connecteds>
Fleischhacker	w4192
</connecteds>
<connecteds>
<g/>
/	w4193
<g/>
</connecteds>
<connecteds>
bey	w4194
</connecteds>
<connecteds>
der	w4195
</connecteds>
<connecteds>
goldenen	w4196
</connecteds>
<connecteds>
Ganns	w4197
</connecteds>
<connecteds>
bey	w4198
</connecteds>
<connecteds>
Maria	w4199
</connecteds>
<connecteds>
<g/>
=	w4200
<g/>
</connecteds>
<connecteds>
Hülf	w4201
</connecteds>
<connecteds>
<g/>
/	w4202
<g/>
</connecteds>
<connecteds>
alt	w4203
</connecteds>
<connecteds>
36	w4204
</connecteds>
<connecteds>
<g/>
.	w4205
<g/>
</connecteds>
<connecteds>
J	w4206
</connecteds>
<connecteds>
<g/>
.	w4207
<g/>
</connecteds>
<connecteds>
Der	w4208
</connecteds>
<connecteds>
Apolloniæ Apolloniae	w4209
</connecteds>
<connecteds>
Falckin	w4210
</connecteds>
<connecteds>
<g/>
/	w4211
<g/>
</connecteds>
<connecteds>
Wittwe	w4212
</connecteds>
<connecteds>
<g/>
/	w4213
<g/>
</connecteds>
<connecteds>
ihr	w4214
</connecteds>
<connecteds>
K	w4215
</connecteds>
<connecteds>
<g/>
.	w4216
<g/>
</connecteds>
<connecteds>
Johann	w4217
</connecteds>
<connecteds>
<g/>
/	w4218
<g/>
</connecteds>
<connecteds>
in	w4219
</connecteds>
<connecteds>
dem	w4220
</connecteds>
<connecteds>
Geäßlischen	w4221
</connecteds>
<connecteds>
H	w4222
</connecteds>
<connecteds>
<g/>
.	w4223
<g/>
</connecteds>
<connecteds>
zu	w4224
</connecteds>
<connecteds>
Erdberg	w4225
</connecteds>
<connecteds>
<g/>
/	w4226
<g/>
</connecteds>
<connecteds>
alt	w4227
</connecteds>
<connecteds>
4	w4228
</connecteds>
<connecteds>
<g/>
.	w4229
<g/>
</connecteds>
<connecteds>
J	w4230
</connecteds>
<connecteds>
<g/>
.	w4231
<g/>
</connecteds>
<connecteds>
Dem	w4232
</connecteds>
<connecteds>
Melchtor	w4233
</connecteds>
<connecteds>
Kleinschitz	w4234
</connecteds>
<connecteds>
<g/>
/	w4235
<g/>
</connecteds>
<connecteds>
Lakeyen	w4236
</connecteds>
<connecteds>
<g/>
/	w4237
<g/>
</connecteds>
<connecteds>
s	w4238
</connecteds>
<connecteds>
<g/>
.	w4239
<g/>
</connecteds>
<connecteds>
W	w4240
</connecteds>
<connecteds>
<g/>
.	w4241
<g/>
</connecteds>
<connecteds>
Ot=tilia	w4242
</connecteds>
<connecteds>
<g/>
=	w4243
<g/>
</connecteds>
<connecteds>
<g/>
/	w4244
<g/>
</connecteds>
<connecteds>
in	w4245
</connecteds>
<connecteds>
dem	w4246
</connecteds>
<connecteds>
Rädlmayrischen	w4247
</connecteds>
<connecteds>
H	w4248
</connecteds>
<connecteds>
<g/>
.	w4249
<g/>
</connecteds>
<connecteds>
in	w4250
</connecteds>
<connecteds>
der	w4251
</connecteds>
<connecteds>
Jo=seph	w4252
</connecteds>
<connecteds>
<g/>
=	w4253
<g/>
</connecteds>
<connecteds>
<g/>
=	w4254
<g/>
</connecteds>
<connecteds>
stadt	w4255
</connecteds>
<connecteds>
<g/>
/	w4256
<g/>
</connecteds>
<connecteds>
alt	w4257
</connecteds>
<connecteds>
46	w4258
</connecteds>
<connecteds>
<g/>
.	w4259
<g/>
</connecteds>
<connecteds>
J	w4260
</connecteds>
<connecteds>
<g/>
.	w4261
<g/>
</connecteds>
<connecteds>
Anna	w4262
</connecteds>
<connecteds>
Huberin	w4263
</connecteds>
<connecteds>
<g/>
/	w4264
<g/>
</connecteds>
<connecteds>
Wittwe	w4265
</connecteds>
<connecteds>
<g/>
/	w4266
<g/>
</connecteds>
<connecteds>
in	w4267
</connecteds>
<connecteds>
dem	w4268
</connecteds>
<connecteds>
Gmain	w4269
</connecteds>
<connecteds>
<g/>
=	w4270
<g/>
</connecteds>
<connecteds>
H	w4271
</connecteds>
<connecteds>
<g/>
.	w4272
<g/>
</connecteds>
<connecteds>
am	w4273
</connecteds>
<connecteds>
Hunds=	w4274
</connecteds>
<connecteds>
<g/>
=	w4275
<g/>
</connecteds>
<connecteds>
<g/>
/	w4276
<g/>
</connecteds>
<connecteds>
alt	w4277
</connecteds>
<connecteds>
60	w4278
</connecteds>
<connecteds>
<g/>
.	w4279
<g/>
</connecteds>
<connecteds>
J	w4280
</connecteds>
<connecteds>
<g/>
.	w4281
<g/>
</connecteds>
<connecteds>
Lorentz	w4282
</connecteds>
<connecteds>
Stribel	w4283
</connecteds>
<connecteds>
<g/>
/	w4284
<g/>
</connecteds>
<connecteds>
in	w4285
</connecteds>
<connecteds>
St	w4286
</connecteds>
<connecteds>
<g/>
.	w4287
<g/>
</connecteds>
<connecteds>
Johannis	w4288
</connecteds>
<connecteds>
Nepomuce=ni	w4289
</connecteds>
<connecteds>
<g/>
=	w4290
<g/>
</connecteds>
<connecteds>
Spittal	w4291
</connecteds>
<connecteds>
<g/>
/	w4292
<g/>
</connecteds>
<connecteds>
alt	w4293
</connecteds>
<connecteds>
60	w4294
</connecteds>
<connecteds>
<g/>
.	w4295
<g/>
</connecteds>
<connecteds>
J	w4296
</connecteds>
<connecteds>
<g/>
.	w4297
<g/>
</connecteds>
<connecteds>
Theresia	w4298
</connecteds>
<connecteds>
Scheinerin	w4299
</connecteds>
<connecteds>
<g/>
/	w4300
<g/>
</connecteds>
<connecteds>
alt	w4301
</connecteds>
<connecteds>
37	w4302
</connecteds>
<connecteds>
<g/>
.	w4303
<g/>
</connecteds>
<connecteds>
J	w4304
</connecteds>
<connecteds>
<g/>
.	w4305
<g/>
</connecteds>
<connecteds>
Ursula	w4306
</connecteds>
<connecteds>
Beyd=lin	w4307
</connecteds>
<connecteds>
<g/>
=	w4308
<g/>
</connecteds>
<connecteds>
<g/>
/	w4309
<g/>
</connecteds>
<connecteds>
alt	w4310
</connecteds>
<connecteds>
39	w4311
</connecteds>
<connecteds>
<g/>
.	w4312
<g/>
</connecteds>
<connecteds>
und	w4313
</connecteds>
<connecteds>
Anna	w4314
</connecteds>
<connecteds>
Merlin	w4315
</connecteds>
<connecteds>
<g/>
/	w4316
<g/>
</connecteds>
<connecteds>
alt	w4317
</connecteds>
<connecteds>
25	w4318
</connecteds>
<connecteds>
<g/>
.	w4319
<g/>
</connecteds>
<connecteds>
J	w4320
</connecteds>
<connecteds>
<g/>
.	w4321
<g/>
</connecteds>
<connecteds>
al=le	w4322
</connecteds>
<connecteds>
<g/>
=	w4323
<g/>
</connecteds>
<connecteds>
3	w4324
</connecteds>
<connecteds>
<g/>
.	w4325
<g/>
</connecteds>
<connecteds>
im	w4326
</connecteds>
<connecteds>
Krauken	w4327
</connecteds>
<connecteds>
<g/>
=	w4328
<g/>
</connecteds>
<connecteds>
H	w4329
</connecteds>
<connecteds>
<g/>
.	w4330
<g/>
</connecteds>
</list>
<p id="p47">
NB	w4331
<connecteds>
<g/>
.	w4332
<g/>
</connecteds>
<connecteds>
Den	w4333
</connecteds>
<connecteds>
7	w4334
</connecteds>
<connecteds>
<g/>
.	w4335
<g/>
</connecteds>
<connecteds>
Januarii	w4336
</connecteds>
<connecteds>
1740	w4337
</connecteds>
<connecteds>
<g/>
.	w4338
<g/>
</connecteds>
<connecteds>
<g/>
/	w4339
<g/>
</connecteds>
<connecteds>
und	w4340
</connecteds>
<connecteds>
nach=folgende	w4341
</connecteds>
<connecteds>
<g/>
=	w4342
<g/>
</connecteds>
<connecteds>
Täge	w4343
</connecteds>
<connecteds>
werden	w4344
</connecteds>
<connecteds>
auf	w4345
</connecteds>
<connecteds>
Verordnung	w4346
</connecteds>
<connecteds>
eines	w4347
</connecteds>
<connecteds>
löbl	w4348
</connecteds>
<connecteds>
<g/>
.	w4349
<g/>
</connecteds>
<connecteds>
Land	w4350
</connecteds>
<connecteds>
<g/>
=	w4351
<g/>
</connecteds>
<connecteds>
Marschall	w4352
</connecteds>
<connecteds>
<g/>
.	w4353
<g/>
</connecteds>
<connecteds>
Gerichts	w4354
</connecteds>
<connecteds>
in	w4355
</connecteds>
<connecteds>
dem	w4356
</connecteds>
<connecteds>
Graf	w4357
</connecteds>
<connecteds>
Daunischen	w4358
</connecteds>
<connecteds>
Haus	w4359
</connecteds>
<connecteds>
auf	w4360
</connecteds>
<connecteds>
der	w4361
</connecteds>
<connecteds>
Freyung	w4362
</connecteds>
<connecteds>
im	w4363
</connecteds>
<connecteds>
2ten	w4364
</connecteds>
<connecteds>
Stok	w4365
</connecteds>
<connecteds>
Vor	w4366
</connecteds>
<connecteds>
<g/>
=	w4367
<g/>
</connecteds>
<connecteds>
mittag	w4368
</connecteds>
<connecteds>
von	w4369
</connecteds>
<connecteds>
9	w4370
</connecteds>
<connecteds>
<g/>
.	w4371
<g/>
</connecteds>
<connecteds>
bis	w4372
</connecteds>
<connecteds>
12	w4373
</connecteds>
<connecteds>
<g/>
.	w4374
<g/>
</connecteds>
<connecteds>
Uhr	w4375
</connecteds>
<connecteds>
<g/>
/	w4376
<g/>
</connecteds>
<connecteds>
und	w4377
</connecteds>
<connecteds>
Nach	w4378
</connecteds>
<connecteds>
<g/>
=	w4379
<g/>
</connecteds>
<connecteds>
mittag	w4380
</connecteds>
<connecteds>
von	w4381
</connecteds>
<connecteds>
2	w4382
</connecteds>
<connecteds>
<g/>
.	w4383
<g/>
</connecteds>
<connecteds>
bis	w4384
</connecteds>
<connecteds>
5	w4385
</connecteds>
<connecteds>
<g/>
.	w4386
<g/>
</connecteds>
<connecteds>
Uhr	w4387
</connecteds>
<connecteds>
verschiede=ne	w4388
</connecteds>
<connecteds>
<g/>
=	w4389
<g/>
</connecteds>
<connecteds>
Verlassenschafts	w4390
</connecteds>
<connecteds>
<g/>
=	w4391
<g/>
</connecteds>
<connecteds>
Effecten	w4392
</connecteds>
<connecteds>
<g/>
/	w4393
<g/>
</connecteds>
<connecteds>
als	w4394
</connecteds>
<connecteds>
Geschmuk	w4395
</connecteds>
<connecteds>
<g/>
=	w4396
<g/>
</connecteds>
<connecteds>
Silber	w4397
</connecteds>
<connecteds>
<g/>
/	w4398
<g/>
</connecteds>
<connecteds>
Tabakiren	w4399
</connecteds>
<connecteds>
<g/>
/	w4400
<g/>
</connecteds>
<connecteds>
Jndianischer	w4401
</connecteds>
<connecteds>
Porcellan	w4402
</connecteds>
<connecteds>
<g/>
/	w4403
<g/>
</connecteds>
<connecteds>
und	w4404
</connecteds>
<connecteds>
andere	w4405
</connecteds>
<connecteds>
Sachen	w4406
</connecteds>
<connecteds>
licitando	w4407
</connecteds>
<connecteds>
verkauffet	w4408
</connecteds>
<connecteds>
<g/>
/	w4409
<g/>
</connecteds>
<connecteds>
und	w4410
</connecteds>
<connecteds>
gleich	w4411
</connecteds>
<connecteds>
mit	w4412
</connecteds>
<connecteds>
dem	w4413
</connecteds>
<connecteds>
Geschmuk	w4414
</connecteds>
<connecteds>
<g/>
/	w4415
<g/>
</connecteds>
<connecteds>
und	w4416
</connecteds>
<connecteds>
Silber	w4417
</connecteds>
<connecteds>
der	w4418
</connecteds>
<connecteds>
Anfang	w4419
</connecteds>
<connecteds>
gemacht	w4420
</connecteds>
<connecteds>
werden	w4421
</connecteds>
<connecteds>
<g/>
.	w4422
<g/>
</connecteds>
</p>
<p id="p48">
L'on	w4423
<connecteds>
trouve	w4424
</connecteds>
<connecteds>
chez	w4425
</connecteds>
<connecteds>
Briffaut	w4426
</connecteds>
<connecteds>
<g/>
,	w4427
<g/>
</connecteds>
<connecteds>
Libraire	w4428
</connecteds>
<connecteds>
de	w4429
</connecteds>
<connecteds>
l'Université	w4430
</connecteds>
<connecteds>
<g/>
:	w4431
<g/>
</connecteds>
<connecteds>
Etrennes	w4432
</connecteds>
<connecteds>
mignones	w4433
</connecteds>
<connecteds>
<g/>
,	w4434
<g/>
</connecteds>
<connecteds>
curieu-ses	w4435
</connecteds>
<connecteds>
<g/>
-	w4436
<g/>
</connecteds>
<connecteds>
<g/>
&	w4437
<g/>
</connecteds>
<connecteds>
utiles	w4438
</connecteds>
<connecteds>
<g/>
,	w4439
<g/>
</connecteds>
<connecteds>
augmentées	w4440
</connecteds>
<connecteds>
pour	w4441
</connecteds>
<connecteds>
l'Anné=bissextile	w4442
</connecteds>
<connecteds>
<g/>
=	w4443
<g/>
</connecteds>
<connecteds>
1740	w4444
</connecteds>
<connecteds>
<g/>
.	w4445
<g/>
</connecteds>
<connecteds>
elles	w4446
</connecteds>
<connecteds>
contiennent	w4447
</connecteds>
<connecteds>
un	w4448
</connecteds>
<connecteds>
Ca-lendier	w4449
</connecteds>
<connecteds>
<g/>
-	w4450
<g/>
</connecteds>
<connecteds>
exact	w4451
</connecteds>
<connecteds>
des	w4452
</connecteds>
<connecteds>
jours	w4453
</connecteds>
<connecteds>
de	w4454
</connecteds>
<connecteds>
lannée	w4455
</connecteds>
<connecteds>
augmen-té	w4456
</connecteds>
<connecteds>
<g/>
-	w4457
<g/>
</connecteds>
<connecteds>
du	w4458
</connecteds>
<connecteds>
lever	w4459
</connecteds>
<connecteds>
de	w4460
</connecteds>
<connecteds>
la	w4461
</connecteds>
<connecteds>
Lune	w4462
</connecteds>
<connecteds>
<g/>
,	w4463
<g/>
</connecteds>
<connecteds>
la	w4464
</connecteds>
<connecteds>
Creation	w4465
</connecteds>
<connecteds>
du	w4466
</connecteds>
<connecteds>
Monde	w4467
</connecteds>
<connecteds>
<g/>
,	w4468
<g/>
</connecteds>
<connecteds>
son	w4469
</connecteds>
<connecteds>
Antiquité	w4470
</connecteds>
<connecteds>
<g/>
,	w4471
<g/>
</connecteds>
<connecteds>
Genealogie	w4472
</connecteds>
<connecteds>
des	w4473
</connecteds>
<connecteds>
Maisons	w4474
</connecteds>
<connecteds>
Regnantes	w4475
</connecteds>
<connecteds>
<g/>
.	w4476
<g/>
</connecteds>
</p>
<p id="p49">
Almanach	w4477
<connecteds>
de	w4478
</connecteds>
<connecteds>
Cabinet	w4479
</connecteds>
<connecteds>
<g/>
.	w4480
<g/>
</connecteds>
</p>
<head id="hl36">
Anno	w4486
<connecteds>
1740	w4487
</connecteds>
<connecteds>
<g/>
.	w4488
<g/>
</connecteds>
<connecteds>
<g/>
(	w4489
<g/>
</connecteds>
<connecteds>
Anhang	w4490
</connecteds>
<connecteds>
zu	w4491
</connecteds>
<connecteds>
Num	w4492
</connecteds>
<connecteds>
<g/>
.	w4493
<g/>
</connecteds>
<connecteds>
1	w4494
</connecteds>
<connecteds>
<g/>
.	w4495
<g/>
</connecteds>
<connecteds>
<g/>
)	w4496
<g/>
</connecteds>
<connecteds>
2	w4497
</connecteds>
<connecteds>
<g/>
.	w4498
<g/>
</connecteds>
<connecteds>
Januarii	w4499
</connecteds>
<connecteds>
<g/>
.	w4500
<g/>
</connecteds>
</head>
<head id="hl39">
Aus	w4501
<connecteds>
Jtalien	w4502
</connecteds>
<connecteds>
<g/>
.	w4503
<g/>
</connecteds>
</head>
<head id="hl40">
Mantua	w4504
<connecteds>
18	w4505
</connecteds>
<connecteds>
<g/>
.	w4506
<g/>
</connecteds>
<connecteds>
Decemb	w4507
</connecteds>
<connecteds>
<g/>
.	w4508
<g/>
</connecteds>
</head>
<p id="p50">
DJnstags	w4509
<connecteds>
den	w4510
</connecteds>
<connecteds>
15	w4511
</connecteds>
<connecteds>
<g/>
.	w4512
<g/>
</connecteds>
<connecteds>
dieses	w4513
</connecteds>
<connecteds>
um	w4514
</connecteds>
<connecteds>
22	w4515
</connecteds>
<connecteds>
<g/>
.	w4516
<g/>
</connecteds>
<connecteds>
Uhr	w4517
</connecteds>
<connecteds>
kame	w4518
</connecteds>
<connecteds>
der	w4519
</connecteds>
<connecteds>
Königl	w4520
</connecteds>
<connecteds>
<g/>
.	w4521
<g/>
</connecteds>
<connecteds>
Polnische	w4522
</connecteds>
<connecteds>
und	w4523
</connecteds>
<connecteds>
Chur	w4524
</connecteds>
<connecteds>
<g/>
=	w4525
<g/>
</connecteds>
<connecteds>
Sächsische	w4526
</connecteds>
<connecteds>
Printz	w4527
</connecteds>
<connecteds>
unter	w4528
</connecteds>
<connecteds>
dem	w4529
</connecteds>
<connecteds>
Namen	w4530
</connecteds>
<connecteds>
eines	w4531
</connecteds>
<connecteds>
Grafens	w4532
</connecteds>
<connecteds>
von	w4533
</connecteds>
<connecteds>
Lausnitz	w4534
</connecteds>
<connecteds>
mit	w4535
</connecteds>
<connecteds>
einem	w4536
</connecteds>
<connecteds>
zahlreichen	w4537
</connecteds>
<connecteds>
Gefolg	w4538
</connecteds>
<connecteds>
von	w4539
</connecteds>
<connecteds>
Meiland	w4540
</connecteds>
<connecteds>
alhier	w4541
</connecteds>
<connecteds>
an	w4542
</connecteds>
<connecteds>
<g/>
/	w4543
<g/>
</connecteds>
<connecteds>
und	w4544
</connecteds>
<connecteds>
da	w4545
</connecteds>
<connecteds>
er	w4546
</connecteds>
<connecteds>
in	w4547
</connecteds>
<connecteds>
einer	w4548
</connecteds>
<connecteds>
deren	w4549
</connecteds>
<connecteds>
alhiesig	w4550
</connecteds>
<connecteds>
vornehmsten	w4551
</connecteds>
<connecteds>
Einkehren	w4552
</connecteds>
<connecteds>
abstie=ge	w4553
</connecteds>
<connecteds>
<g/>
=	w4554
<g/>
</connecteds>
<connecteds>
<g/>
/	w4555
<g/>
</connecteds>
<connecteds>
so	w4556
</connecteds>
<connecteds>
fande	w4557
</connecteds>
<connecteds>
er	w4558
</connecteds>
<connecteds>
alda	w4559
</connecteds>
<connecteds>
die	w4560
</connecteds>
<connecteds>
Vornehmsten	w4561
</connecteds>
<connecteds>
des	w4562
</connecteds>
<connecteds>
alhiesigen	w4563
</connecteds>
<connecteds>
Adels	w4564
</connecteds>
<connecteds>
in	w4565
</connecteds>
<connecteds>
prächtiger	w4566
</connecteds>
<connecteds>
Gala	w4567
</connecteds>
<connecteds>
<g/>
/	w4568
<g/>
</connecteds>
<connecteds>
und	w4569
</connecteds>
<connecteds>
gleich	w4570
</connecteds>
<connecteds>
darauf	w4571
</connecteds>
<connecteds>
wurde	w4572
</connecteds>
<connecteds>
er	w4573
</connecteds>
<connecteds>
von	w4574
</connecteds>
<connecteds>
unserem	w4575
</connecteds>
<connecteds>
Bischof	w4576
</connecteds>
<connecteds>
dem	w4577
</connecteds>
<connecteds>
Monsig	w4578
</connecteds>
<connecteds>
<g/>
.	w4579
<g/>
</connecteds>
<connecteds>
Grafen	w4580
</connecteds>
<connecteds>
Guidi	w4581
</connecteds>
<connecteds>
di	w4582
</connecteds>
<connecteds>
Bagno	w4583
</connecteds>
<connecteds>
<g/>
/	w4584
<g/>
</connecteds>
<connecteds>
dem	w4585
</connecteds>
<connecteds>
Abbten	w4586
</connecteds>
<connecteds>
der	w4587
</connecteds>
<connecteds>
Hof	w4588
</connecteds>
<connecteds>
<g/>
=	w4589
<g/>
</connecteds>
<connecteds>
Kirche	w4590
</connecteds>
<connecteds>
von	w4591
</connecteds>
<connecteds>
S	w4592
</connecteds>
<connecteds>
<g/>
.	w4593
<g/>
</connecteds>
<connecteds>
Barbara	w4594
</connecteds>
<connecteds>
Monsig	w4595
</connecteds>
<connecteds>
<g/>
.	w4596
<g/>
</connecteds>
<connecteds>
Carl	w4597
</connecteds>
<connecteds>
Marches	w4598
</connecteds>
<connecteds>
Gazzino	w4599
</connecteds>
<connecteds>
<g/>
,	w4600
<g/>
</connecteds>
<connecteds>
und	w4601
</connecteds>
<connecteds>
den	w4602
</connecteds>
<connecteds>
Monsig	w4603
</connecteds>
<connecteds>
<g/>
.	w4604
<g/>
</connecteds>
<connecteds>
Niclas	w4605
</connecteds>
<connecteds>
Tasca	w4606
</connecteds>
<connecteds>
<g/>
,	w4607
<g/>
</connecteds>
<connecteds>
Primicerio	w4608
</connecteds>
<connecteds>
der	w4609
</connecteds>
<connecteds>
Kirche	w4610
</connecteds>
<connecteds>
von	w4611
</connecteds>
<connecteds>
St	w4612
</connecteds>
<connecteds>
<g/>
.	w4613
<g/>
</connecteds>
<connecteds>
Andreas	w4614
</connecteds>
<connecteds>
<g/>
/	w4615
<g/>
</connecteds>
<connecteds>
wie	w4616
</connecteds>
<connecteds>
in=gleichen	w4617
</connecteds>
<connecteds>
<g/>
=	w4618
<g/>
</connecteds>
<connecteds>
von	w4619
</connecteds>
<connecteds>
dem	w4620
</connecteds>
<connecteds>
Marches	w4621
</connecteds>
<connecteds>
Silvio	w4622
</connecteds>
<connecteds>
An-dreasi	w4623
</connecteds>
<connecteds>
<g/>
-	w4624
<g/>
</connecteds>
<connecteds>
<g/>
,	w4625
<g/>
</connecteds>
<connecteds>
und	w4626
</connecteds>
<connecteds>
Grafen	w4627
</connecteds>
<connecteds>
Oprandino	w4628
</connecteds>
<connecteds>
Arrivabe-ne	w4629
</connecteds>
<connecteds>
<g/>
-	w4630
<g/>
</connecteds>
<connecteds>
im	w4631
</connecteds>
<connecteds>
Name	w4632
</connecteds>
<connecteds>
des	w4633
</connecteds>
<connecteds>
gesamt	w4634
</connecteds>
<connecteds>
alhiesigen	w4635
</connecteds>
<connecteds>
Adels	w4636
</connecteds>
<connecteds>
be=willkommet	w4637
</connecteds>
<connecteds>
<g/>
=	w4638
<g/>
</connecteds>
<connecteds>
<g/>
/	w4639
<g/>
</connecteds>
<connecteds>
und	w4640
</connecteds>
<connecteds>
von	w4641
</connecteds>
<connecteds>
diesem	w4642
</connecteds>
<connecteds>
gebetten	w4643
</connecteds>
<connecteds>
<g/>
/	w4644
<g/>
</connecteds>
<connecteds>
Abends	w4645
</connecteds>
<connecteds>
in	w4646
</connecteds>
<connecteds>
dem	w4647
</connecteds>
<connecteds>
Haus	w4648
</connecteds>
<connecteds>
des	w4649
</connecteds>
<connecteds>
Grafens	w4650
</connecteds>
<connecteds>
Frantz	w4651
</connecteds>
<connecteds>
Arrivabene	w4652
</connecteds>
<connecteds>
einer	w4653
</connecteds>
<connecteds>
Gesellschaft	w4654
</connecteds>
<connecteds>
beyzuwohnen	w4655
</connecteds>
<connecteds>
<g/>
/	w4656
<g/>
</connecteds>
<connecteds>
welches	w4657
</connecteds>
<connecteds>
der	w4658
</connecteds>
<connecteds>
Printz	w4659
</connecteds>
<connecteds>
auch	w4660
</connecteds>
<connecteds>
<g/>
/	w4661
<g/>
</connecteds>
<connecteds>
ungeachtet	w4662
</connecteds>
<connecteds>
er	w4663
</connecteds>
<connecteds>
von	w4664
</connecteds>
<connecteds>
der	w4665
</connecteds>
<connecteds>
Reise	w4666
</connecteds>
<connecteds>
sehr	w4667
</connecteds>
<connecteds>
ermüdet	w4668
</connecteds>
<connecteds>
ware	w4669
</connecteds>
<connecteds>
<g/>
/	w4670
<g/>
</connecteds>
<connecteds>
that	w4671
</connecteds>
<connecteds>
<g/>
/	w4672
<g/>
</connecteds>
<connecteds>
und	w4673
</connecteds>
<connecteds>
sol=chemnach	w4674
</connecteds>
<connecteds>
<g/>
=	w4675
<g/>
</connecteds>
<connecteds>
auch	w4676
</connecteds>
<connecteds>
alda	w4677
</connecteds>
<connecteds>
abermalen	w4678
</connecteds>
<connecteds>
den	w4679
</connecteds>
<connecteds>
gesamt	w4680
</connecteds>
<connecteds>
hiesigen	w4681
</connecteds>
<connecteds>
Adel	w4682
</connecteds>
<connecteds>
in	w4683
</connecteds>
<connecteds>
Gala	w4684
</connecteds>
<connecteds>
antraffe	w4685
</connecteds>
<connecteds>
<g/>
.	w4686
<g/>
</connecteds>
<connecteds>
Den	w4687
</connecteds>
<connecteds>
fol=genden	w4688
</connecteds>
<connecteds>
<g/>
=	w4689
<g/>
</connecteds>
<connecteds>
Morgen	w4690
</connecteds>
<connecteds>
verfügte	w4691
</connecteds>
<connecteds>
Sich	w4692
</connecteds>
<connecteds>
der	w4693
</connecteds>
<connecteds>
Printz	w4694
</connecteds>
<connecteds>
in	w4695
</connecteds>
<connecteds>
die	w4696
</connecteds>
<connecteds>
Kirche	w4697
</connecteds>
<connecteds>
von	w4698
</connecteds>
<connecteds>
St	w4699
</connecteds>
<connecteds>
<g/>
.	w4700
<g/>
</connecteds>
<connecteds>
Andreas	w4701
</connecteds>
<connecteds>
<g/>
/	w4702
<g/>
</connecteds>
<connecteds>
und	w4703
</connecteds>
<connecteds>
woh=nete	w4704
</connecteds>
<connecteds>
<g/>
=	w4705
<g/>
</connecteds>
<connecteds>
alda	w4706
</connecteds>
<connecteds>
unter	w4707
</connecteds>
<connecteds>
der	w4708
</connecteds>
<connecteds>
Erde	w4709
</connecteds>
<connecteds>
<g/>
/	w4710
<g/>
</connecteds>
<connecteds>
wo	w4711
</connecteds>
<connecteds>
das	w4712
</connecteds>
<connecteds>
Heilige	w4713
</connecteds>
<connecteds>
Blut	w4714
</connecteds>
<connecteds>
unsers	w4715
</connecteds>
<connecteds>
HErrns	w4716
</connecteds>
<connecteds>
aufbehalten	w4717
</connecteds>
<connecteds>
ist	w4718
</connecteds>
<connecteds>
mit	w4719
</connecteds>
<connecteds>
auferbäulichster	w4720
</connecteds>
<connecteds>
Andacht	w4721
</connecteds>
<connecteds>
<g/>
,	w4722
<g/>
</connecteds>
<connecteds>
der	w4723
</connecteds>
<connecteds>
von	w4724
</connecteds>
<connecteds>
Dero	w4725
</connecteds>
<connecteds>
Beicht	w4726
</connecteds>
<connecteds>
<g/>
=	w4727
<g/>
</connecteds>
<connecteds>
Vattern	w4728
</connecteds>
<connecteds>
P	w4729
</connecteds>
<connecteds>
<g/>
.	w4730
<g/>
</connecteds>
<connecteds>
Winibald	w4731
</connecteds>
<connecteds>
Bimel	w4732
</connecteds>
<connecteds>
<g/>
,	w4733
<g/>
</connecteds>
<connecteds>
Soc	w4734
</connecteds>
<connecteds>
<g/>
.	w4735
<g/>
</connecteds>
<connecteds>
JEsu	w4736
</connecteds>
<connecteds>
gelesenen	w4737
</connecteds>
<connecteds>
Messe	w4738
</connecteds>
<connecteds>
bey	w4739
</connecteds>
<connecteds>
<g/>
/	w4740
<g/>
</connecteds>
<connecteds>
nach	w4741
</connecteds>
<connecteds>
welcher	w4742
</connecteds>
<connecteds>
Jh=me	w4743
</connecteds>
<connecteds>
<g/>
=	w4744
<g/>
</connecteds>
<connecteds>
von	w4745
</connecteds>
<connecteds>
dem	w4746
</connecteds>
<connecteds>
ob	w4747
</connecteds>
<connecteds>
<g/>
=	w4748
<g/>
</connecteds>
<connecteds>
benannten	w4749
</connecteds>
<connecteds>
Monsig	w4750
</connecteds>
<connecteds>
<g/>
.	w4751
<g/>
</connecteds>
<connecteds>
Primi-cerio	w4752
</connecteds>
<connecteds>
<g/>
-	w4753
<g/>
</connecteds>
<connecteds>
die	w4754
</connecteds>
<connecteds>
bemeldete	w4755
</connecteds>
<connecteds>
kostbare	w4756
</connecteds>
<connecteds>
Reliquie	w4757
</connecteds>
<connecteds>
vorge=zeigt	w4758
</connecteds>
<connecteds>
<g/>
=	w4759
<g/>
</connecteds>
<connecteds>
worden	w4760
</connecteds>
<connecteds>
<g/>
/	w4761
<g/>
</connecteds>
<connecteds>
auch	w4762
</connecteds>
<connecteds>
dem	w4763
</connecteds>
<connecteds>
Monsig	w4764
</connecteds>
<connecteds>
<g/>
.	w4765
<g/>
</connecteds>
<connecteds>
eine	w4766
</connecteds>
<connecteds>
Geld	w4767
</connecteds>
<connecteds>
<g/>
=	w4768
<g/>
</connecteds>
<connecteds>
Summe	w4769
</connecteds>
<connecteds>
<g/>
/	w4770
<g/>
</connecteds>
<connecteds>
um	w4771
</connecteds>
<connecteds>
solche	w4772
</connecteds>
<connecteds>
als	w4773
</connecteds>
<connecteds>
ein	w4774
</connecteds>
<connecteds>
Allmosen	w4775
</connecteds>
<connecteds>
unter	w4776
</connecteds>
<connecteds>
die	w4777
</connecteds>
<connecteds>
Arme	w4778
</connecteds>
<connecteds>
auszutheilen	w4779
</connecteds>
<connecteds>
<g/>
/	w4780
<g/>
</connecteds>
<connecteds>
zu	w4781
</connecteds>
<connecteds>
handen	w4782
</connecteds>
<connecteds>
kommen	w4783
</connecteds>
<connecteds>
liesse	w4784
</connecteds>
<connecteds>
<g/>
.	w4785
<g/>
</connecteds>
<connecteds>
Bey	w4786
</connecteds>
<connecteds>
Seiner	w4787
</connecteds>
<connecteds>
Ankunft	w4788
</connecteds>
<connecteds>
<g/>
/	w4789
<g/>
</connecteds>
<connecteds>
und	w4790
</connecteds>
<connecteds>
Weg	w4791
</connecteds>
<connecteds>
<g/>
=	w4792
<g/>
</connecteds>
<connecteds>
gehen	w4793
</connecteds>
<connecteds>
wurde	w4794
</connecteds>
<connecteds>
er	w4795
</connecteds>
<connecteds>
jedesmal	w4796
</connecteds>
<connecteds>
von	w4797
</connecteds>
<connecteds>
mehr=berührten	w4798
</connecteds>
<connecteds>
<g/>
=	w4799
<g/>
</connecteds>
<connecteds>
Monsig	w4800
</connecteds>
<connecteds>
<g/>
.	w4801
<g/>
</connecteds>
<connecteds>
und	w4802
</connecteds>
<connecteds>
dem	w4803
</connecteds>
<connecteds>
gesamten	w4804
</connecteds>
<connecteds>
Colle=gial	w4805
</connecteds>
<connecteds>
<g/>
=	w4806
<g/>
</connecteds>
<connecteds>
<g/>
=	w4807
<g/>
</connecteds>
<connecteds>
Stift	w4808
</connecteds>
<connecteds>
empfangen	w4809
</connecteds>
<connecteds>
<g/>
/	w4810
<g/>
</connecteds>
<connecteds>
und	w4811
</connecteds>
<connecteds>
begleitet	w4812
</connecteds>
<connecteds>
<g/>
.	w4813
<g/>
</connecteds>
<connecteds>
Nach=mittag	w4814
</connecteds>
<connecteds>
<g/>
=	w4815
<g/>
</connecteds>
<connecteds>
erhube	w4816
</connecteds>
<connecteds>
sich	w4817
</connecteds>
<connecteds>
der	w4818
</connecteds>
<connecteds>
Printz	w4819
</connecteds>
<connecteds>
in	w4820
</connecteds>
<connecteds>
die	w4821
</connecteds>
<connecteds>
Kir=che	w4822
</connecteds>
<connecteds>
<g/>
=	w4823
<g/>
</connecteds>
<connecteds>
von	w4824
</connecteds>
<connecteds>
St	w4825
</connecteds>
<connecteds>
<g/>
.	w4826
<g/>
</connecteds>
<connecteds>
Barbara	w4827
</connecteds>
<connecteds>
<g/>
/	w4828
<g/>
</connecteds>
<connecteds>
alwo	w4829
</connecteds>
<connecteds>
er	w4830
</connecteds>
<connecteds>
von	w4831
</connecteds>
<connecteds>
dem	w4832
</connecteds>
<connecteds>
Monsig	w4833
</connecteds>
<connecteds>
<g/>
.	w4834
<g/>
</connecteds>
<connecteds>
Gazzino	w4835
</connecteds>
<connecteds>
<g/>
,	w4836
<g/>
</connecteds>
<connecteds>
und	w4837
</connecteds>
<connecteds>
denen	w4838
</connecteds>
<connecteds>
daselbstigen	w4839
</connecteds>
</p>
<p id="p51">
Dom	w4840
<connecteds>
Herren	w4841
</connecteds>
<connecteds>
empfangen	w4842
</connecteds>
<connecteds>
<g/>
/	w4843
<g/>
</connecteds>
<connecteds>
ihme	w4844
</connecteds>
<connecteds>
auch	w4845
</connecteds>
<connecteds>
sodann	w4846
</connecteds>
<connecteds>
alle	w4847
</connecteds>
<connecteds>
die	w4848
</connecteds>
<connecteds>
dasige	w4849
</connecteds>
<connecteds>
Geistliche	w4850
</connecteds>
<connecteds>
Sehenswürdigkei=ten	w4851
</connecteds>
<connecteds>
<g/>
=	w4852
<g/>
</connecteds>
<connecteds>
zu	w4853
</connecteds>
<connecteds>
betrachten	w4854
</connecteds>
<connecteds>
gegeben	w4855
</connecteds>
<connecteds>
wurden	w4856
</connecteds>
<connecteds>
<g/>
.	w4857
<g/>
</connecteds>
<connecteds>
Von	w4858
</connecteds>
<connecteds>
dannen	w4859
</connecteds>
<connecteds>
begabe	w4860
</connecteds>
<connecteds>
Er	w4861
</connecteds>
<connecteds>
sich	w4862
</connecteds>
<connecteds>
in	w4863
</connecteds>
<connecteds>
die	w4864
</connecteds>
<connecteds>
Dom	w4865
</connecteds>
<connecteds>
<g/>
=	w4866
<g/>
</connecteds>
<connecteds>
Kirche	w4867
</connecteds>
<connecteds>
<g/>
/	w4868
<g/>
</connecteds>
<connecteds>
alwo	w4869
</connecteds>
<connecteds>
er	w4870
</connecteds>
<connecteds>
den	w4871
</connecteds>
<connecteds>
unverwesenen	w4872
</connecteds>
<connecteds>
Leib	w4873
</connecteds>
<connecteds>
unseres	w4874
</connecteds>
<connecteds>
vor=nehmsten	w4875
</connecteds>
<connecteds>
<g/>
=	w4876
<g/>
</connecteds>
<connecteds>
Schutz	w4877
</connecteds>
<connecteds>
<g/>
=	w4878
<g/>
</connecteds>
<connecteds>
Patrons	w4879
</connecteds>
<connecteds>
des	w4880
</connecteds>
<connecteds>
Heil	w4881
</connecteds>
<connecteds>
<g/>
.	w4882
<g/>
</connecteds>
<connecteds>
Anselmi	w4883
</connecteds>
<connecteds>
<g/>
/	w4884
<g/>
</connecteds>
<connecteds>
so	w4885
</connecteds>
<connecteds>
alda	w4886
</connecteds>
<connecteds>
unter	w4887
</connecteds>
<connecteds>
dem	w4888
</connecteds>
<connecteds>
Hoch	w4889
</connecteds>
<connecteds>
<g/>
=	w4890
<g/>
</connecteds>
<connecteds>
Altar	w4891
</connecteds>
<connecteds>
ruhet	w4892
</connecteds>
<connecteds>
<g/>
/	w4893
<g/>
</connecteds>
<connecteds>
besa=he	w4894
</connecteds>
<connecteds>
<g/>
=	w4895
<g/>
</connecteds>
<connecteds>
<g/>
/	w4896
<g/>
</connecteds>
<connecteds>
und	w4897
</connecteds>
<connecteds>
daselbst	w4898
</connecteds>
<connecteds>
von	w4899
</connecteds>
<connecteds>
dem	w4900
</connecteds>
<connecteds>
gesamten	w4901
</connecteds>
<connecteds>
Dom	w4902
</connecteds>
<connecteds>
<g/>
=	w4903
<g/>
</connecteds>
<connecteds>
Capital	w4904
</connecteds>
<connecteds>
empfangen	w4905
</connecteds>
<connecteds>
<g/>
/	w4906
<g/>
</connecteds>
<connecteds>
und	w4907
</connecteds>
<connecteds>
begleitet	w4908
</connecteds>
<connecteds>
wurde	w4909
</connecteds>
<connecteds>
<g/>
.	w4910
<g/>
</connecteds>
<connecteds>
Hiernächst	w4911
</connecteds>
<connecteds>
besichtigte	w4912
</connecteds>
<connecteds>
Er	w4913
</connecteds>
<connecteds>
das	w4914
</connecteds>
<connecteds>
grosse	w4915
</connecteds>
<connecteds>
neue	w4916
</connecteds>
<connecteds>
Hof	w4917
</connecteds>
<connecteds>
<g/>
=	w4918
<g/>
</connecteds>
<connecteds>
Theatrum	w4919
</connecteds>
<connecteds>
<g/>
/	w4920
<g/>
</connecteds>
<connecteds>
und	w4921
</connecteds>
<connecteds>
dann	w4922
</connecteds>
<connecteds>
die	w4923
</connecteds>
<connecteds>
wol	w4924
</connecteds>
<connecteds>
<g/>
=	w4925
<g/>
</connecteds>
<connecteds>
ge=baute	w4926
</connecteds>
<connecteds>
<g/>
=	w4927
<g/>
</connecteds>
<connecteds>
steinerne	w4928
</connecteds>
<connecteds>
Brücke	w4929
</connecteds>
<connecteds>
von	w4930
</connecteds>
<connecteds>
St	w4931
</connecteds>
<connecteds>
<g/>
.	w4932
<g/>
</connecteds>
<connecteds>
Georg	w4933
</connecteds>
<connecteds>
genannt	w4934
</connecteds>
<connecteds>
<g/>
/	w4935
<g/>
</connecteds>
<connecteds>
so	w4936
</connecteds>
<connecteds>
über	w4937
</connecteds>
<connecteds>
den	w4938
</connecteds>
<connecteds>
See	w4939
</connecteds>
<connecteds>
gehet	w4940
</connecteds>
<connecteds>
<g/>
/	w4941
<g/>
</connecteds>
<connecteds>
einfolglichen	w4942
</connecteds>
<connecteds>
aber	w4943
</connecteds>
<connecteds>
er=schiene	w4944
</connecteds>
<connecteds>
<g/>
=	w4945
<g/>
</connecteds>
<connecteds>
Er	w4946
</connecteds>
<connecteds>
Abends	w4947
</connecteds>
<connecteds>
in	w4948
</connecteds>
<connecteds>
dem	w4949
</connecteds>
<connecteds>
Haus	w4950
</connecteds>
<connecteds>
des	w4951
</connecteds>
<connecteds>
Mar-chesen	w4952
</connecteds>
<connecteds>
<g/>
-	w4953
<g/>
</connecteds>
<connecteds>
Cavriani	w4954
</connecteds>
<connecteds>
in	w4955
</connecteds>
<connecteds>
einer	w4956
</connecteds>
<connecteds>
mehrmalen	w4957
</connecteds>
<connecteds>
präch=tigen	w4958
</connecteds>
<connecteds>
<g/>
=	w4959
<g/>
</connecteds>
<connecteds>
Gesellschaft	w4960
</connecteds>
<connecteds>
<g/>
.	w4961
<g/>
</connecteds>
<connecteds>
Gestern	w4962
</connecteds>
<connecteds>
sodann	w4963
</connecteds>
<connecteds>
nach	w4964
</connecteds>
<connecteds>
in	w4965
</connecteds>
<connecteds>
der	w4966
</connecteds>
<connecteds>
Jesuiten	w4967
</connecteds>
<connecteds>
<g/>
=	w4968
<g/>
</connecteds>
<connecteds>
Kirche	w4969
</connecteds>
<connecteds>
angehör	w4970
</connecteds>
<connecteds>
ter	w4971
</connecteds>
<connecteds>
Heil	w4972
</connecteds>
<connecteds>
<g/>
.	w4973
<g/>
</connecteds>
<connecteds>
Messe	w4974
</connecteds>
<connecteds>
seines	w4975
</connecteds>
<connecteds>
Beicht	w4976
</connecteds>
<connecteds>
<g/>
=	w4977
<g/>
</connecteds>
<connecteds>
Vatters	w4978
</connecteds>
<connecteds>
<g/>
:	w4979
<g/>
</connecteds>
<connecteds>
auch	w4980
</connecteds>
<connecteds>
daraufhin	w4981
</connecteds>
<connecteds>
zu	w4982
</connecteds>
<connecteds>
Haus	w4983
</connecteds>
<connecteds>
eingenommenen	w4984
</connecteds>
<connecteds>
Mittag	w4985
</connecteds>
<connecteds>
<g/>
=	w4986
<g/>
</connecteds>
<connecteds>
Mahl	w4987
</connecteds>
<connecteds>
<g/>
/	w4988
<g/>
</connecteds>
<connecteds>
und	w4989
</connecteds>
<connecteds>
daselbst	w4990
</connecteds>
<connecteds>
wiederum	w4991
</connecteds>
<connecteds>
<g/>
...	w4992
<g/>
</connecteds>
<connecteds>
von	w4993
</connecteds>
<connecteds>
dem	w4994
</connecteds>
<connecteds>
gesammten	w4995
</connecteds>
<connecteds>
Adel	w4996
</connecteds>
<connecteds>
empfangenen	w4997
</connecteds>
<connecteds>
Abschieds	w4998
</connecteds>
<connecteds>
<g/>
=	w4999
<g/>
</connecteds>
<connecteds>
Complimenten	w5000
</connecteds>
<connecteds>
<g/>
/	w5001
<g/>
</connecteds>
<connecteds>
reiste	w5002
</connecteds>
<connecteds>
er	w5003
</connecteds>
<connecteds>
von	w5004
</connecteds>
<connecteds>
hier	w5005
</connecteds>
<connecteds>
wieder	w5006
</connecteds>
<connecteds>
weiters	w5007
</connecteds>
<connecteds>
nacher	w5008
</connecteds>
<connecteds>
Verona	w5009
</connecteds>
<connecteds>
<g/>
,	w5010
<g/>
</connecteds>
<connecteds>
und	w5011
</connecteds>
<connecteds>
Venedig	w5012
</connecteds>
<connecteds>
ab	w5013
</connecteds>
<connecteds>
<g/>
/	w5014
<g/>
</connecteds>
<connecteds>
da	w5015
</connecteds>
<connecteds>
Er	w5016
</connecteds>
<connecteds>
zugleich	w5017
</connecteds>
<connecteds>
mit	w5018
</connecteds>
<connecteds>
verschiedenen	w5019
</connecteds>
<connecteds>
ausgetheilt	w5020
</connecteds>
<connecteds>
grosmütigen	w5021
</connecteds>
<connecteds>
Geschanknussen	w5022
</connecteds>
<connecteds>
ein	w5023
</connecteds>
<connecteds>
immerwährendes	w5024
</connecteds>
<connecteds>
Ruhm=volles	w5025
</connecteds>
<connecteds>
<g/>
=	w5026
<g/>
</connecteds>
<connecteds>
Angedenken	w5027
</connecteds>
<connecteds>
eines	w5028
</connecteds>
<connecteds>
mit	w5029
</connecteds>
<connecteds>
freigebigen	w5030
</connecteds>
<connecteds>
<g/>
/	w5031
<g/>
</connecteds>
<connecteds>
und	w5032
</connecteds>
<connecteds>
mit	w5033
</connecteds>
<connecteds>
vielen	w5034
</connecteds>
<connecteds>
Tugenden	w5035
</connecteds>
<connecteds>
begabten	w5036
</connecteds>
<connecteds>
Prin=tens	w5037
</connecteds>
<connecteds>
<g/>
=	w5038
<g/>
</connecteds>
<connecteds>
hinterlassen	w5039
</connecteds>
<connecteds>
<g/>
.	w5040
<g/>
</connecteds>
</p>
<p id="p52">
NB	w5041
<connecteds>
<g/>
.	w5042
<g/>
</connecteds>
<connecteds>
Bey	w5043
</connecteds>
<connecteds>
dem	w5044
</connecteds>
<connecteds>
Verleger	w5045
</connecteds>
<connecteds>
des	w5046
</connecteds>
<connecteds>
Wienerischen	w5047
</connecteds>
<connecteds>
Diarii	w5048
</connecteds>
<connecteds>
<g/>
/	w5049
<g/>
</connecteds>
<connecteds>
wie	w5050
</connecteds>
<connecteds>
auch	w5051
</connecteds>
<connecteds>
bey	w5052
</connecteds>
<connecteds>
Hrn	w5053
</connecteds>
<connecteds>
<g/>
.	w5054
<g/>
</connecteds>
<connecteds>
Nudow	w5055
</connecteds>
<connecteds>
auf	w5056
</connecteds>
<connecteds>
dem	w5057
</connecteds>
<connecteds>
Kohl	w5058
</connecteds>
<connecteds>
<g/>
=	w5059
<g/>
</connecteds>
<connecteds>
markt	w5060
</connecteds>
<connecteds>
bey	w5061
</connecteds>
<connecteds>
dem	w5062
</connecteds>
<connecteds>
goldenen	w5063
</connecteds>
<connecteds>
Anker	w5064
</connecteds>
<connecteds>
<g/>
/	w5065
<g/>
</connecteds>
<connecteds>
und	w5066
</connecteds>
<connecteds>
bey	w5067
</connecteds>
<connecteds>
dem	w5068
</connecteds>
<connecteds>
Kupfer	w5069
</connecteds>
<connecteds>
<g/>
=	w5070
<g/>
</connecteds>
<connecteds>
Stecher	w5071
</connecteds>
<connecteds>
in	w5072
</connecteds>
<connecteds>
dem	w5073
</connecteds>
<connecteds>
Trompeten=macherischen	w5074
</connecteds>
<connecteds>
<g/>
=	w5075
<g/>
</connecteds>
<connecteds>
Haus	w5076
</connecteds>
<connecteds>
gegen	w5077
</connecteds>
<connecteds>
der	w5078
</connecteds>
<connecteds>
Post	w5079
</connecteds>
<connecteds>
über	w5080
</connecteds>
<connecteds>
ist	w5081
</connecteds>
<connecteds>
zu	w5082
</connecteds>
<connecteds>
haben	w5083
</connecteds>
<connecteds>
<g/>
:	w5084
<g/>
</connecteds>
</p>
<p id="p53">
Ein	w5085
<connecteds>
gantz	w5086
</connecteds>
<connecteds>
neuer	w5087
</connecteds>
<connecteds>
<g/>
/	w5088
<g/>
</connecteds>
<connecteds>
und	w5089
</connecteds>
<connecteds>
accurater	w5090
</connecteds>
<connecteds>
Haupt	w5091
</connecteds>
<connecteds>
<g/>
=	w5092
<g/>
</connecteds>
<connecteds>
Plan	w5093
</connecteds>
<connecteds>
der	w5094
</connecteds>
<connecteds>
Kaiserlichen	w5095
</connecteds>
<connecteds>
Haupt	w5096
</connecteds>
<connecteds>
<g/>
=	w5097
<g/>
</connecteds>
<connecteds>
und	w5098
</connecteds>
<connecteds>
Residentz	w5099
</connecteds>
<connecteds>
<g/>
=	w5100
<g/>
</connecteds>
<connecteds>
Stadt	w5101
</connecteds>
<connecteds>
Wien	w5102
</connecteds>
<connecteds>
<g/>
/	w5103
<g/>
</connecteds>
<connecteds>
samt	w5104
</connecteds>
<connecteds>
denen	w5105
</connecteds>
<connecteds>
umligenden	w5106
</connecteds>
<connecteds>
Vor	w5107
</connecteds>
<connecteds>
<g/>
=	w5108
<g/>
</connecteds>
<connecteds>
Städten	w5109
</connecteds>
<connecteds>
<g/>
/	w5110
<g/>
</connecteds>
<connecteds>
und	w5111
</connecteds>
<connecteds>
Limen	w5112
</connecteds>
<connecteds>
<g/>
/	w5113
<g/>
</connecteds>
<connecteds>
in	w5114
</connecteds>
<connecteds>
welchem	w5115
</connecteds>
<connecteds>
alle	w5116
</connecteds>
<connecteds>
Kir=chen	w5117
</connecteds>
<connecteds>
<g/>
=	w5118
<g/>
</connecteds>
<connecteds>
<g/>
/	w5119
<g/>
</connecteds>
<connecteds>
Klöster	w5120
</connecteds>
<connecteds>
<g/>
/	w5121
<g/>
</connecteds>
<connecteds>
Gassen	w5122
</connecteds>
<connecteds>
<g/>
/	w5123
<g/>
</connecteds>
<connecteds>
und	w5124
</connecteds>
<connecteds>
Märkte	w5125
</connecteds>
<connecteds>
<g/>
/	w5126
<g/>
</connecteds>
<connecteds>
Kai=serl	w5127
</connecteds>
<connecteds>
<g/>
=	w5128
<g/>
</connecteds>
<connecteds>
<g/>
.	w5129
<g/>
</connecteds>
<connecteds>
und	w5130
</connecteds>
<connecteds>
Burgerl	w5131
</connecteds>
<connecteds>
<g/>
.	w5132
<g/>
</connecteds>
<connecteds>
Gebäude	w5133
</connecteds>
<connecteds>
benennet	w5134
</connecteds>
<connecteds>
<g/>
/	w5135
<g/>
</connecteds>
<connecteds>
auch	w5136
</connecteds>
<connecteds>
was	w5137
</connecteds>
<connecteds>
von	w5138
</connecteds>
<connecteds>
Anno	w5139
</connecteds>
<connecteds>
1706	w5140
</connecteds>
<connecteds>
<g/>
.	w5141
<g/>
</connecteds>
<connecteds>
bis	w5142
</connecteds>
<connecteds>
1739	w5143
</connecteds>
<connecteds>
<g/>
.	w5144
<g/>
</connecteds>
<connecteds>
neu	w5145
</connecteds>
<connecteds>
<g/>
=	w5146
<g/>
</connecteds>
<connecteds>
erbauet	w5147
</connecteds>
<connecteds>
worden	w5148
</connecteds>
<connecteds>
<g/>
/	w5149
<g/>
</connecteds>
<connecteds>
darinn	w5150
</connecteds>
<connecteds>
zu	w5151
</connecteds>
<connecteds>
finden	w5152
</connecteds>
<connecteds>
<g/>
/	w5153
<g/>
</connecteds>
<connecteds>
auf	w5154
</connecteds>
<connecteds>
3	w5155
</connecteds>
<connecteds>
<g/>
.	w5156
<g/>
</connecteds>
<connecteds>
grossen	w5157
</connecteds>
<connecteds>
Regal	w5158
</connecteds>
<connecteds>
<g/>
=	w5159
<g/>
</connecteds>
<connecteds>
Bögen	w5160
</connecteds>
<connecteds>
zum	w5161
</connecteds>
<connecteds>
erstenmal	w5162
</connecteds>
<connecteds>
denen	w5163
</connecteds>
<connecteds>
Liebhabern	w5164
</connecteds>
</p>
<p id="p54">
vor	w5167
<connecteds>
Augen	w5168
</connecteds>
<connecteds>
gestellet	w5169
</connecteds>
<connecteds>
<g/>
;	w5170
<g/>
</connecteds>
<connecteds>
das	w5171
</connecteds>
<connecteds>
0Exemplar	w5172
</connecteds>
<connecteds>
schwartz	w5173
</connecteds>
<connecteds>
pr	w5174
</connecteds>
<connecteds>
2	w5175
</connecteds>
<connecteds>
<g/>
.	w5176
<g/>
</connecteds>
<connecteds>
fl	w5177
</connecteds>
<connecteds>
<g/>
.	w5178
<g/>
</connecteds>
<connecteds>
30	w5179
</connecteds>
<connecteds>
<g/>
.	w5180
<g/>
</connecteds>
<connecteds>
kr	w5181
</connecteds>
<connecteds>
<g/>
/	w5182
<g/>
</connecteds>
<connecteds>
illuminirter	w5183
</connecteds>
<connecteds>
à	w5184
</connecteds>
<connecteds>
3	w5185
</connecteds>
<connecteds>
<g/>
.	w5186
<g/>
</connecteds>
<connecteds>
fl	w5187
</connecteds>
<connecteds>
<g/>
.	w5188
<g/>
</connecteds>
<connecteds>
<g/>
/	w5189
<g/>
</connecteds>
<connecteds>
auf	w5190
</connecteds>
<connecteds>
Leinwat	w5191
</connecteds>
<connecteds>
aufgezogen	w5192
</connecteds>
<connecteds>
pr	w5193
</connecteds>
<connecteds>
<g/>
.	w5194
<g/>
</connecteds>
<connecteds>
3	w5195
</connecteds>
<connecteds>
<g/>
.	w5196
<g/>
</connecteds>
<connecteds>
fl	w5197
</connecteds>
<connecteds>
<g/>
.	w5198
<g/>
</connecteds>
<connecteds>
30	w5199
</connecteds>
<connecteds>
<g/>
.	w5200
<g/>
</connecteds>
<connecteds>
kr	w5201
</connecteds>
<connecteds>
<g/>
.	w5202
<g/>
</connecteds>
<connecteds>
<g/>
/	w5203
<g/>
</connecteds>
<connecteds>
und	w5204
</connecteds>
<connecteds>
auf	w5205
</connecteds>
<connecteds>
Taffet	w5206
</connecteds>
<connecteds>
pr	w5207
</connecteds>
<connecteds>
<g/>
.	w5208
<g/>
</connecteds>
<connecteds>
6	w5209
</connecteds>
<connecteds>
<g/>
.	w5210
<g/>
</connecteds>
<connecteds>
fl	w5211
</connecteds>
<connecteds>
<g/>
.	w5212
<g/>
</connecteds>
</p>
<p id="p55">
NB	w5213
<connecteds>
<g/>
.	w5214
<g/>
</connecteds>
<connecteds>
Bey	w5215
</connecteds>
<connecteds>
dem	w5216
</connecteds>
<connecteds>
Verleger	w5217
</connecteds>
<connecteds>
des	w5218
</connecteds>
<connecteds>
Wienerischen	w5219
</connecteds>
<connecteds>
Diarii	w5220
</connecteds>
<connecteds>
<g/>
,	w5221
<g/>
</connecteds>
<connecteds>
wie	w5222
</connecteds>
<connecteds>
auch	w5223
</connecteds>
<connecteds>
bey	w5224
</connecteds>
<connecteds>
Hrn	w5225
</connecteds>
<connecteds>
<g/>
.	w5226
<g/>
</connecteds>
<connecteds>
Krausen	w5227
</connecteds>
<connecteds>
<g/>
/	w5228
<g/>
</connecteds>
<connecteds>
nechst	w5229
</connecteds>
<connecteds>
dem	w5230
</connecteds>
<connecteds>
Kaiserl	w5231
</connecteds>
<connecteds>
<g/>
.	w5232
<g/>
</connecteds>
<connecteds>
Hof	w5233
</connecteds>
<connecteds>
Ball	w5234
</connecteds>
<connecteds>
<g/>
=	w5235
<g/>
</connecteds>
<connecteds>
Haus	w5236
</connecteds>
<connecteds>
über	w5237
</connecteds>
<connecteds>
<g/>
:	w5238
<g/>
</connecteds>
<connecteds>
bey	w5239
</connecteds>
<connecteds>
Hrn	w5240
</connecteds>
<connecteds>
<g/>
.	w5241
<g/>
</connecteds>
<connecteds>
Con=rad	w5242
</connecteds>
<connecteds>
<g/>
=	w5243
<g/>
</connecteds>
<connecteds>
Monat	w5244
</connecteds>
<connecteds>
<g/>
/	w5245
<g/>
</connecteds>
<connecteds>
im	w5246
</connecteds>
<connecteds>
Pfeifferis	w5247
</connecteds>
<connecteds>
<g/>
.	w5248
<g/>
</connecteds>
<connecteds>
Haus	w5249
</connecteds>
<connecteds>
unter	w5250
</connecteds>
<connecteds>
de=nen	w5251
</connecteds>
<connecteds>
<g/>
=	w5252
<g/>
</connecteds>
<connecteds>
Tuch	w5253
</connecteds>
<connecteds>
<g/>
=	w5254
<g/>
</connecteds>
<connecteds>
Lauben	w5255
</connecteds>
<connecteds>
<g/>
:	w5256
<g/>
</connecteds>
<connecteds>
und	w5257
</connecteds>
<connecteds>
im	w5258
</connecteds>
<connecteds>
Bößkrautis	w5259
</connecteds>
<connecteds>
<g/>
.	w5260
<g/>
</connecteds>
<connecteds>
Buch	w5261
</connecteds>
<connecteds>
<g/>
=	w5262
<g/>
</connecteds>
<connecteds>
Gewölb	w5263
</connecteds>
<connecteds>
nechst	w5264
</connecteds>
<connecteds>
der	w5265
</connecteds>
<connecteds>
oberen	w5266
</connecteds>
<connecteds>
Jesuiter	w5267
</connecteds>
<connecteds>
<g/>
=	w5268
<g/>
</connecteds>
<connecteds>
Pforten	w5269
</connecteds>
<connecteds>
<g/>
/	w5270
<g/>
</connecteds>
<connecteds>
<g/>
...	w5271
<g/>
</connecteds>
<connecteds>
zu	w5272
</connecteds>
<connecteds>
haben	w5273
</connecteds>
<connecteds>
<g/>
:	w5274
<g/>
</connecteds>
</p>
<p id="p56">
Auf	w5275
<connecteds>
4	w5276
</connecteds>
<connecteds>
<g/>
.	w5277
<g/>
</connecteds>
<connecteds>
Regal	w5278
</connecteds>
<connecteds>
<g/>
=	w5279
<g/>
</connecteds>
<connecteds>
Bögen	w5280
</connecteds>
<connecteds>
<g/>
:	w5281
<g/>
</connecteds>
<connecteds>
Eine	w5282
</connecteds>
<connecteds>
neue	w5283
</connecteds>
<connecteds>
und	w5284
</connecteds>
<connecteds>
ac=curate	w5285
</connecteds>
<connecteds>
<g/>
=	w5286
<g/>
</connecteds>
<connecteds>
General	w5287
</connecteds>
<connecteds>
<g/>
=	w5288
<g/>
</connecteds>
<connecteds>
Post	w5289
</connecteds>
<connecteds>
<g/>
=	w5290
<g/>
</connecteds>
<connecteds>
Land	w5291
</connecteds>
<connecteds>
<g/>
=	w5292
<g/>
</connecteds>
<connecteds>
Karten	w5293
</connecteds>
<connecteds>
<g/>
/	w5294
<g/>
</connecteds>
<connecteds>
wel=che	w5295
</connecteds>
<connecteds>
<g/>
=	w5296
<g/>
</connecteds>
<connecteds>
in	w5297
</connecteds>
<connecteds>
besonderer	w5298
</connecteds>
<connecteds>
Grösse	w5299
</connecteds>
<connecteds>
<g/>
/	w5300
<g/>
</connecteds>
<connecteds>
und	w5301
</connecteds>
<connecteds>
Güte	w5302
</connecteds>
<connecteds>
an	w5303
</connecteds>
<connecteds>
das	w5304
</connecteds>
<connecteds>
Licht	w5305
</connecteds>
<connecteds>
gebracht	w5306
</connecteds>
<connecteds>
worden	w5307
</connecteds>
<connecteds>
<g/>
/	w5308
<g/>
</connecteds>
<connecteds>
auch	w5309
</connecteds>
<connecteds>
das	w5310
</connecteds>
<connecteds>
grosse	w5311
</connecteds>
<connecteds>
und	w5312
</connecteds>
<connecteds>
Welt	w5313
</connecteds>
<connecteds>
<g/>
=	w5314
<g/>
</connecteds>
<connecteds>
berühmte	w5315
</connecteds>
<connecteds>
Königreich	w5316
</connecteds>
<connecteds>
Hungarn	w5317
</connecteds>
<connecteds>
<g/>
/	w5318
<g/>
</connecteds>
<connecteds>
samt	w5319
</connecteds>
<connecteds>
allen	w5320
</connecteds>
<connecteds>
daran	w5321
</connecteds>
<connecteds>
gräntzenden	w5322
</connecteds>
<connecteds>
Ländern	w5323
</connecteds>
<connecteds>
<g/>
/	w5324
<g/>
</connecteds>
<connecteds>
mit	w5325
</connecteds>
<connecteds>
Anzeigung	w5326
</connecteds>
<connecteds>
aller	w5327
</connecteds>
<connecteds>
Banaten	w5328
</connecteds>
<connecteds>
<g/>
/	w5329
<g/>
</connecteds>
<connecteds>
Comitaten	w5330
</connecteds>
<connecteds>
<g/>
/	w5331
<g/>
</connecteds>
<connecteds>
und	w5332
</connecteds>
<connecteds>
Sangiacaten	w5333
</connecteds>
<connecteds>
<g/>
/	w5334
<g/>
</connecteds>
<connecteds>
Gebürgen	w5335
</connecteds>
<connecteds>
<g/>
/	w5336
<g/>
</connecteds>
<connecteds>
Städten	w5337
</connecteds>
<connecteds>
Pässen	w5338
</connecteds>
<connecteds>
<g/>
/	w5339
<g/>
</connecteds>
<connecteds>
und	w5340
</connecteds>
<connecteds>
aller	w5341
</connecteds>
<connecteds>
Merkwürdigkeiten	w5342
</connecteds>
<connecteds>
<g/>
/	w5343
<g/>
</connecteds>
<connecteds>
welche	w5344
</connecteds>
<connecteds>
erst	w5345
</connecteds>
<connecteds>
neu	w5346
</connecteds>
<connecteds>
seynd	w5347
</connecteds>
<connecteds>
entdecket	w5348
</connecteds>
<connecteds>
worden	w5349
</connecteds>
<connecteds>
<g/>
/	w5350
<g/>
</connecteds>
<connecteds>
als	w5351
</connecteds>
<connecteds>
in	w5352
</connecteds>
<connecteds>
Hungarn	w5353
</connecteds>
<connecteds>
<g/>
/	w5354
<g/>
</connecteds>
<connecteds>
Servien	w5355
</connecteds>
<connecteds>
<g/>
/	w5356
<g/>
</connecteds>
<connecteds>
Bosnien	w5357
</connecteds>
<connecteds>
<g/>
/	w5358
<g/>
</connecteds>
<connecteds>
ꝛc	w5359
</connecteds>
<connecteds>
<g/>
.	w5360
<g/>
</connecteds>
<connecteds>
enthal=tet	w5361
</connecteds>
<connecteds>
<g/>
=	w5362
<g/>
</connecteds>
<connecteds>
<g/>
/	w5363
<g/>
</connecteds>
<connecteds>
aus	w5364
</connecteds>
<connecteds>
denen	w5365
</connecteds>
<connecteds>
besten	w5366
</connecteds>
<connecteds>
<g/>
/	w5367
<g/>
</connecteds>
<connecteds>
und	w5368
</connecteds>
<connecteds>
durch	w5369
</connecteds>
<connecteds>
diese	w5370
</connecteds>
<connecteds>
Länder	w5371
</connecteds>
<connecteds>
durchgereiseten	w5372
</connecteds>
<connecteds>
Jngenieurs	w5373
</connecteds>
<connecteds>
<g/>
/	w5374
<g/>
</connecteds>
<connecteds>
verfasset	w5375
</connecteds>
<connecteds>
<g/>
/	w5376
<g/>
</connecteds>
<connecteds>
und	w5377
</connecteds>
<connecteds>
Jhrer	w5378
</connecteds>
<connecteds>
Hochgräfl	w5379
</connecteds>
<connecteds>
<g/>
.	w5380
<g/>
</connecteds>
<connecteds>
Excellentz	w5381
</connecteds>
<connecteds>
Hrn	w5382
</connecteds>
<connecteds>
Hof	w5383
</connecteds>
<connecteds>
<g/>
=	w5384
<g/>
</connecteds>
<connecteds>
Kriegs	w5385
</connecteds>
<connecteds>
<g/>
=	w5386
<g/>
</connecteds>
<connecteds>
Raht	w5387
</connecteds>
<connecteds>
Præsidenten en	w5388
</connecteds>
<connecteds>
offeriret	w5389
</connecteds>
<connecteds>
<g/>
/	w5390
<g/>
</connecteds>
<connecteds>
und	w5391
</connecteds>
<connecteds>
de- diciret	w5392
</connecteds>
<connecteds>
<g/>
-	w5393
<g/>
</connecteds>
<connecteds>
<g/>
/	w5394
<g/>
</connecteds>
<connecteds>
und	w5395
</connecteds>
<connecteds>
zum	w5396
</connecteds>
<connecteds>
erstenmal	w5397
</connecteds>
<connecteds>
den	w5398
</connecteds>
<connecteds>
18ten	w5399
</connecteds>
<connecteds>
Martii	w5400
</connecteds>
<connecteds>
dem	w5401
</connecteds>
<connecteds>
Publico	w5402
</connecteds>
<connecteds>
sonderlich	w5403
</connecteds>
<connecteds>
aber	w5404
</connecteds>
<connecteds>
dem	w5405
</connecteds>
<connecteds>
Mi=litari	w5406
</connecteds>
<connecteds>
<g/>
=	w5407
<g/>
</connecteds>
<connecteds>
zum	w5408
</connecteds>
<connecteds>
grossen	w5409
</connecteds>
<connecteds>
Nutzen	w5410
</connecteds>
<connecteds>
<g/>
/	w5411
<g/>
</connecteds>
<connecteds>
indem	w5412
</connecteds>
<connecteds>
in	w5413
</connecteds>
<connecteds>
denen	w5414
</connecteds>
<connecteds>
her=um	w5415
</connecteds>
<connecteds>
<g/>
=	w5416
<g/>
</connecteds>
<connecteds>
ligenden	w5417
</connecteds>
<connecteds>
32	w5418
</connecteds>
<connecteds>
<g/>
.	w5419
<g/>
</connecteds>
<connecteds>
Königreichen	w5420
</connecteds>
<connecteds>
und	w5421
</connecteds>
<connecteds>
Provin=tzen	w5422
</connecteds>
<connecteds>
<g/>
=	w5423
<g/>
</connecteds>
<connecteds>
<g/>
/	w5424
<g/>
</connecteds>
<connecteds>
alle	w5425
</connecteds>
<connecteds>
sowol	w5426
</connecteds>
<connecteds>
grosse	w5427
</connecteds>
<connecteds>
als	w5428
</connecteds>
<connecteds>
kleine	w5429
</connecteds>
<connecteds>
Orte	w5430
</connecteds>
<connecteds>
<g/>
/	w5431
<g/>
</connecteds>
<connecteds>
und	w5432
</connecteds>
<connecteds>
dero	w5433
</connecteds>
<connecteds>
Situation	w5434
</connecteds>
<connecteds>
genau	w5435
</connecteds>
<connecteds>
<g/>
/	w5436
<g/>
</connecteds>
<connecteds>
und	w5437
</connecteds>
<connecteds>
klar	w5438
</connecteds>
<connecteds>
darinnen	w5439
</connecteds>
<connecteds>
zu	w5440
</connecteds>
<connecteds>
ersehen	w5441
</connecteds>
<connecteds>
seynd	w5442
</connecteds>
<connecteds>
<g/>
/	w5443
<g/>
</connecteds>
<connecteds>
heraus	w5444
</connecteds>
<connecteds>
<g/>
=	w5445
<g/>
</connecteds>
<connecteds>
gegeben	w5446
</connecteds>
<connecteds>
<g/>
.	w5447
<g/>
</connecteds>
<connecteds>
Das	w5448
</connecteds>
<connecteds>
Exem=plar	w5449
</connecteds>
<connecteds>
<g/>
=	w5450
<g/>
</connecteds>
<connecteds>
illuminirter	w5451
</connecteds>
<connecteds>
per	w5452
</connecteds>
<connecteds>
3	w5453
</connecteds>
<connecteds>
<g/>
.	w5454
<g/>
</connecteds>
<connecteds>
fl	w5455
</connecteds>
<connecteds>
<g/>
.	w5456
<g/>
</connecteds>
<connecteds>
30	w5457
</connecteds>
<connecteds>
<g/>
.	w5458
<g/>
</connecteds>
<connecteds>
kr	w5459
</connecteds>
<connecteds>
<g/>
.	w5460
<g/>
</connecteds>
<connecteds>
in	w5461
</connecteds>
<connecteds>
Futteral	w5462
</connecteds>
<connecteds>
4	w5463
</connecteds>
<connecteds>
<g/>
.	w5464
<g/>
</connecteds>
<connecteds>
fl	w5465
</connecteds>
<connecteds>
<g/>
.	w5466
<g/>
</connecteds>
<connecteds>
<g/>
/	w5467
<g/>
</connecteds>
<connecteds>
illuminirter	w5468
</connecteds>
<connecteds>
<g/>
/	w5469
<g/>
</connecteds>
<connecteds>
mit	w5470
</connecteds>
<connecteds>
Register	w5471
</connecteds>
<connecteds>
<g/>
/	w5472
<g/>
</connecteds>
<connecteds>
Rucken	w5473
</connecteds>
<connecteds>
<g/>
=	w5474
<g/>
</connecteds>
<connecteds>
Blättern	w5475
</connecteds>
<connecteds>
<g/>
/	w5476
<g/>
</connecteds>
<connecteds>
und	w5477
</connecteds>
<connecteds>
20	w5478
</connecteds>
<connecteds>
<g/>
.	w5479
<g/>
</connecteds>
<connecteds>
Türkischen	w5480
</connecteds>
<connecteds>
Haupt	w5481
</connecteds>
<connecteds>
<g/>
=	w5482
<g/>
</connecteds>
<connecteds>
und	w5483
</connecteds>
<connecteds>
Gräntz	w5484
</connecteds>
<connecteds>
<g/>
=	w5485
<g/>
</connecteds>
<connecteds>
Festungen	w5486
</connecteds>
<connecteds>
per	w5487
</connecteds>
<connecteds>
4	w5488
</connecteds>
<connecteds>
<g/>
.	w5489
<g/>
</connecteds>
<connecteds>
fl	w5490
</connecteds>
<connecteds>
<g/>
.	w5491
<g/>
</connecteds>
<connecteds>
30	w5492
</connecteds>
<connecteds>
<g/>
.	w5493
<g/>
</connecteds>
<connecteds>
kr	w5494
</connecteds>
<connecteds>
<g/>
.	w5495
<g/>
</connecteds>
<connecteds>
<g/>
/	w5496
<g/>
</connecteds>
<connecteds>
deto	w5497
</connecteds>
<connecteds>
in	w5498
</connecteds>
<connecteds>
Futeral	w5499
</connecteds>
<connecteds>
per	w5500
</connecteds>
<connecteds>
5	w5501
</connecteds>
<connecteds>
<g/>
.	w5502
<g/>
</connecteds>
<connecteds>
fl	w5503
</connecteds>
<connecteds>
<g/>
.	w5504
<g/>
</connecteds>
</p>
<p id="p57">
NB	w5505
<connecteds>
<g/>
.	w5506
<g/>
</connecteds>
<connecteds>
Es	w5507
</connecteds>
<connecteds>
seynd	w5508
</connecteds>
<connecteds>
in	w5509
</connecteds>
<connecteds>
der	w5510
</connecteds>
<connecteds>
Nudow	w5511
</connecteds>
<connecteds>
<g/>
=	w5512
<g/>
</connecteds>
<connecteds>
und	w5513
</connecteds>
<connecteds>
Christo=phorischen	w5514
</connecteds>
<connecteds>
<g/>
=	w5515
<g/>
</connecteds>
<connecteds>
Buchhandlung	w5516
</connecteds>
<connecteds>
auf	w5517
</connecteds>
<connecteds>
den	w5518
</connecteds>
<connecteds>
Kohlmarkt	w5519
</connecteds>
<connecteds>
in	w5520
</connecteds>
<connecteds>
den	w5521
</connecteds>
<connecteds>
grossen	w5522
</connecteds>
<connecteds>
Michaeler	w5523
</connecteds>
<connecteds>
<g/>
=	w5524
<g/>
</connecteds>
<connecteds>
Haus	w5525
</connecteds>
<connecteds>
<g/>
/	w5526
<g/>
</connecteds>
<connecteds>
bey	w5527
</connecteds>
<connecteds>
den	w5528
</connecteds>
<connecteds>
gol=denen	w5529
</connecteds>
<connecteds>
<g/>
=	w5530
<g/>
</connecteds>
<connecteds>
Anker	w5531
</connecteds>
<connecteds>
<g/>
/	w5532
<g/>
</connecteds>
<connecteds>
wie	w5533
</connecteds>
<connecteds>
auch	w5534
</connecteds>
<connecteds>
bey	w5535
</connecteds>
<connecteds>
dem	w5536
</connecteds>
<connecteds>
Berleger	w5537
</connecteds>
<connecteds>
des	w5538
</connecteds>
<connecteds>
Wienerischen	w5539
</connecteds>
<connecteds>
Diarii	w5540
</connecteds>
<connecteds>
zu	w5541
</connecteds>
<connecteds>
haben	w5542
</connecteds>
<connecteds>
die	w5543
</connecteds>
<connecteds>
so	w5544
</connecteds>
<connecteds>
<g/>
=	w5545
<g/>
</connecteds>
<connecteds>
genannte	w5546
</connecteds>
<connecteds>
O	w5547
</connecteds>
<connecteds>
<g/>
=	w5548
<g/>
</connecteds>
<connecteds>
Predigen	w5549
</connecteds>
<connecteds>
über	w5550
</connecteds>
<connecteds>
die	w5551
</connecteds>
<connecteds>
neun	w5552
</connecteds>
<connecteds>
<g/>
=	w5553
<g/>
</connecteds>
<connecteds>
tägige	w5554
</connecteds>
<connecteds>
trostrei=chste	w5555
</connecteds>
<connecteds>
<g/>
=	w5556
<g/>
</connecteds>
<connecteds>
Andacht	w5557
</connecteds>
<connecteds>
der	w5558
</connecteds>
<connecteds>
Erwartung	w5559
</connecteds>
<connecteds>
der	w5560
</connecteds>
<connecteds>
Ge=burt	w5561
</connecteds>
<connecteds>
<g/>
=	w5562
<g/>
</connecteds>
<connecteds>
unsers	w5563
</connecteds>
<connecteds>
Heilands	w5564
</connecteds>
<connecteds>
und	w5565
</connecteds>
<connecteds>
Erlösers	w5566
</connecteds>
<connecteds>
JE	w5567
</connecteds>
<connecteds>
<g/>
=	w5568
<g/>
</connecteds>
<connecteds>
Su	w5569
</connecteds>
<connecteds>
Christi	w5570
</connecteds>
<connecteds>
<g/>
/	w5571
<g/>
</connecteds>
<connecteds>
welche	w5572
</connecteds>
<connecteds>
den	w5573
</connecteds>
<connecteds>
16ten	w5574
</connecteds>
<connecteds>
Tag	w5575
</connecteds>
<connecteds>
dieses	w5576
</connecteds>
<connecteds>
Monats	w5577
</connecteds>
<connecteds>
Decembris	w5578
</connecteds>
<connecteds>
bis	w5579
</connecteds>
<connecteds>
auf	w5580
</connecteds>
<connecteds>
den	w5581
</connecteds>
<connecteds>
Heiligen	w5582
</connecteds>
<connecteds>
Christag	w5583
</connecteds>
<connecteds>
sowol	w5584
</connecteds>
<connecteds>
in	w5585
</connecteds>
<connecteds>
der	w5586
</connecteds>
<connecteds>
Kaiserl	w5587
</connecteds>
<connecteds>
<g/>
.	w5588
<g/>
</connecteds>
<connecteds>
Hof	w5589
</connecteds>
<connecteds>
<g/>
=	w5590
<g/>
</connecteds>
<connecteds>
Pfarr	w5591
</connecteds>
<connecteds>
Kir Kirchen	w5592
</connecteds>
<connecteds>
<g/>
=	w5593
<g/>
</connecteds>
</p>
<p id="p58">
chen	w5594
<connecteds>
bey	w5595
</connecteds>
<connecteds>
St	w5596
</connecteds>
<connecteds>
<g/>
.	w5597
<g/>
</connecteds>
<connecteds>
Michael	w5598
</connecteds>
<connecteds>
<g/>
/	w5599
<g/>
</connecteds>
<connecteds>
als	w5600
</connecteds>
<connecteds>
auch	w5601
</connecteds>
<connecteds>
in	w5602
</connecteds>
<connecteds>
ver=schiedenen	w5603
</connecteds>
<connecteds>
<g/>
=	w5604
<g/>
</connecteds>
<connecteds>
anderen	w5605
</connecteds>
<connecteds>
Städten	w5606
</connecteds>
<connecteds>
<g/>
,	w5607
<g/>
</connecteds>
<connecteds>
andäch=tigst	w5608
</connecteds>
<connecteds>
<g/>
=	w5609
<g/>
</connecteds>
<connecteds>
begangen	w5610
</connecteds>
<connecteds>
wird	w5611
</connecteds>
<connecteds>
<g/>
.	w5612
<g/>
</connecteds>
<connecteds>
Jn	w5613
</connecteds>
<connecteds>
welchen	w5614
</connecteds>
<connecteds>
Predigen	w5615
</connecteds>
<connecteds>
nicht	w5616
</connecteds>
<connecteds>
nur	w5617
</connecteds>
<connecteds>
die	w5618
</connecteds>
<connecteds>
in	w5619
</connecteds>
<connecteds>
denen	w5620
</connecteds>
<connecteds>
so	w5621
</connecteds>
<connecteds>
<g/>
=	w5622
<g/>
</connecteds>
<connecteds>
genannten	w5623
</connecteds>
<connecteds>
O	w5624
</connecteds>
<connecteds>
ntipho- nen	w5625
</connecteds>
<connecteds>
<g/>
-	w5627
<g/>
</connecteds>
<connecteds>
ntipho- nen	w5628
</connecteds>
<connecteds>
<g/>
-	w5629
<g/>
</connecteds>
<connecteds>
<g/>
(	w5630
<g/>
</connecteds>
<connecteds>
wie	w5631
</connecteds>
<connecteds>
selbe	w5632
</connecteds>
<connecteds>
von	w5633
</connecteds>
<connecteds>
der	w5634
</connecteds>
<connecteds>
Christlichen	w5635
</connecteds>
<connecteds>
Kirchen	w5636
</connecteds>
<connecteds>
pflegen	w5637
</connecteds>
<connecteds>
abgesungen	w5638
</connecteds>
<connecteds>
zu	w5639
</connecteds>
<connecteds>
werden	w5640
</connecteds>
<connecteds>
<g/>
)	w5641
<g/>
</connecteds>
<connecteds>
enthaltene	w5642
</connecteds>
<connecteds>
Geheimnussen	w5643
</connecteds>
<connecteds>
ausführlich	w5644
</connecteds>
<connecteds>
erkläret	w5645
</connecteds>
<connecteds>
<g/>
/	w5646
<g/>
</connecteds>
<connecteds>
sondern	w5647
</connecteds>
<connecteds>
auch	w5648
</connecteds>
<connecteds>
noch	w5649
</connecteds>
<connecteds>
verschiedene	w5650
</connecteds>
<connecteds>
andere	w5651
</connecteds>
<connecteds>
heilsameste	w5652
</connecteds>
<connecteds>
Leh=ren	w5653
</connecteds>
<connecteds>
<g/>
=	w5654
<g/>
</connecteds>
<connecteds>
<g/>
/	w5655
<g/>
</connecteds>
<connecteds>
und	w5656
</connecteds>
<connecteds>
Unterweisungen	w5657
</connecteds>
<connecteds>
von	w5658
</connecteds>
<connecteds>
der	w5659
</connecteds>
<connecteds>
Allerhei=ligsten	w5660
</connecteds>
<connecteds>
<g/>
=	w5661
<g/>
</connecteds>
<connecteds>
Mensch	w5662
</connecteds>
<connecteds>
<g/>
=	w5663
<g/>
</connecteds>
<connecteds>
werdung	w5664
</connecteds>
<connecteds>
und	w5665
</connecteds>
<connecteds>
Geburt	w5666
</connecteds>
<connecteds>
JESU	w5667
</connecteds>
<connecteds>
Christi	w5668
</connecteds>
<connecteds>
zu	w5669
</connecteds>
<connecteds>
allgemeinem	w5670
</connecteds>
<connecteds>
Nutzen	w5671
</connecteds>
<connecteds>
Christlicher	w5672
</connecteds>
<connecteds>
See=len	w5673
</connecteds>
<connecteds>
<g/>
=	w5674
<g/>
</connecteds>
<connecteds>
<g/>
/	w5675
<g/>
</connecteds>
<connecteds>
besonders	w5676
</connecteds>
<connecteds>
aber	w5677
</connecteds>
<connecteds>
deren	w5678
</connecteds>
<connecteds>
andächtigen	w5679
</connecteds>
<connecteds>
Ver=ehrern	w5680
</connecteds>
<connecteds>
<g/>
=	w5681
<g/>
</connecteds>
<connecteds>
dieses	w5682
</connecteds>
<connecteds>
Hoch	w5683
</connecteds>
<connecteds>
<g/>
=	w5684
<g/>
</connecteds>
<connecteds>
heiligen	w5685
</connecteds>
<connecteds>
<g/>
/	w5686
<g/>
</connecteds>
<connecteds>
und	w5687
</connecteds>
<connecteds>
trost	w5688
</connecteds>
<connecteds>
<g/>
=	w5689
<g/>
</connecteds>
<connecteds>
reichen	w5690
</connecteds>
<connecteds>
Geheimnuß	w5691
</connecteds>
<connecteds>
angeführet	w5692
</connecteds>
<connecteds>
<g/>
/	w5693
<g/>
</connecteds>
<connecteds>
und	w5694
</connecteds>
<connecteds>
nachdrüklich	w5695
</connecteds>
<connecteds>
ausgeführet	w5696
</connecteds>
<connecteds>
worden	w5697
</connecteds>
<connecteds>
<g/>
.	w5698
<g/>
</connecteds>
<connecteds>
Das	w5699
</connecteds>
<connecteds>
Exemplar	w5700
</connecteds>
<connecteds>
kostet	w5701
</connecteds>
<connecteds>
ungebunden	w5702
</connecteds>
<connecteds>
34	w5703
</connecteds>
<connecteds>
<g/>
.	w5704
<g/>
</connecteds>
<connecteds>
kr	w5705
</connecteds>
<connecteds>
<g/>
.	w5706
<g/>
</connecteds>
</p>
<head id="hl41">
NB	w5707
<connecteds>
<g/>
.	w5708
<g/>
</connecteds>
<connecteds>
Bey	w5709
</connecteds>
<connecteds>
Hrn	w5710
</connecteds>
<connecteds>
<g/>
.	w5711
<g/>
</connecteds>
<connecteds>
Joh	w5712
</connecteds>
<connecteds>
<g/>
.	w5713
<g/>
</connecteds>
<connecteds>
Paul	w5714
</connecteds>
<connecteds>
Krausen	w5715
</connecteds>
<connecteds>
nechst	w5716
</connecteds>
<connecteds>
der	w5717
</connecteds>
<connecteds>
Kaiserl	w5718
</connecteds>
<connecteds>
<g/>
.	w5719
<g/>
</connecteds>
<connecteds>
Burg	w5720
</connecteds>
<connecteds>
ist	w5721
</connecteds>
<connecteds>
zu	w5722
</connecteds>
<connecteds>
haben	w5723
</connecteds>
<connecteds>
<g/>
:	w5724
<g/>
</connecteds>
</head>
<list id="">
Bollandi	w5725
<connecteds>
<g/>
,	w5726
<g/>
</connecteds>
<connecteds>
Acta	w5727
</connecteds>
<connecteds>
Sanctorum	w5728
</connecteds>
<connecteds>
Mensis	w5729
</connecteds>
<connecteds>
Augu-sti	w5730
</connecteds>
<connecteds>
<g/>
-	w5731
<g/>
</connecteds>
<connecteds>
<g/>
,	w5732
<g/>
</connecteds>
<connecteds>
Tomus	w5733
</connecteds>
<connecteds>
IV	w5734
</connecteds>
<connecteds>
<g/>
.	w5735
<g/>
</connecteds>
<connecteds>
Fol	w5736
</connecteds>
<connecteds>
<g/>
.	w5737
<g/>
</connecteds>
<connecteds>
Antverpiæ Antverpiae	w5738
</connecteds>
<connecteds>
<g/>
,	w5739
<g/>
</connecteds>
<connecteds>
1739	w5740
</connecteds>
<connecteds>
<g/>
.	w5741
<g/>
</connecteds>
<connecteds>
per	w5742
</connecteds>
<connecteds>
15	w5743
</connecteds>
<connecteds>
<g/>
.	w5744
<g/>
</connecteds>
<connecteds>
fl	w5745
</connecteds>
<connecteds>
<g/>
.	w5746
<g/>
</connecteds>
<connecteds>
Luciani	w5747
</connecteds>
<connecteds>
Montifontani	w5748
</connecteds>
<connecteds>
<g/>
,	w5749
<g/>
</connecteds>
<connecteds>
Predigen	w5750
</connecteds>
<connecteds>
in	w5751
</connecteds>
<connecteds>
4	w5752
</connecteds>
<connecteds>
<g/>
.	w5753
<g/>
</connecteds>
<connecteds>
Theil	w5754
</connecteds>
<connecteds>
<g/>
/	w5755
<g/>
</connecteds>
<connecteds>
Fol	w5756
</connecteds>
<connecteds>
<g/>
.	w5757
<g/>
</connecteds>
<connecteds>
Augspurg	w5758
</connecteds>
<connecteds>
<g/>
/	w5759
<g/>
</connecteds>
<connecteds>
kostet	w5760
</connecteds>
<connecteds>
15	w5761
</connecteds>
<connecteds>
<g/>
.	w5762
<g/>
</connecteds>
<connecteds>
fl	w5763
</connecteds>
<connecteds>
<g/>
.	w5764
<g/>
</connecteds>
<connecteds>
Geschichts	w5765
</connecteds>
<connecteds>
<g/>
=	w5766
<g/>
</connecteds>
<connecteds>
Geschlechts	w5767
</connecteds>
<connecteds>
und	w5768
</connecteds>
<connecteds>
Wappen	w5769
</connecteds>
<connecteds>
<g/>
=	w5770
<g/>
</connecteds>
<connecteds>
Calen=der	w5771
</connecteds>
<connecteds>
<g/>
=	w5772
<g/>
</connecteds>
<connecteds>
auf	w5773
</connecteds>
<connecteds>
das	w5774
</connecteds>
<connecteds>
Jahr	w5775
</connecteds>
<connecteds>
1740	w5776
</connecteds>
<connecteds>
<g/>
.	w5777
<g/>
</connecteds>
<connecteds>
kostet	w5778
</connecteds>
<connecteds>
gebunden	w5779
</connecteds>
<connecteds>
2	w5780
</connecteds>
<connecteds>
<g/>
.	w5781
<g/>
</connecteds>
<connecteds>
fl	w5782
</connecteds>
<connecteds>
<g/>
.	w5783
<g/>
</connecteds>
<connecteds>
Hymnorum	w5784
</connecteds>
<connecteds>
per	w5785
</connecteds>
<connecteds>
anni	w5786
</connecteds>
<connecteds>
decursum	w5787
</connecteds>
<connecteds>
in	w5788
</connecteds>
<connecteds>
Bre-viario	w5789
</connecteds>
<connecteds>
<g/>
-	w5790
<g/>
</connecteds>
<connecteds>
Romano	w5791
</connecteds>
<connecteds>
occurrentium	w5792
</connecteds>
<connecteds>
paraphrasis	w5793
</connecteds>
<connecteds>
elegiaca	w5794
</connecteds>
<connecteds>
<g/>
,	w5795
<g/>
</connecteds>
<connecteds>
cum	w5796
</connecteds>
<connecteds>
præmissa praemissa	w5797
</connecteds>
<connecteds>
Epistola	w5798
</connecteds>
<connecteds>
ad	w5799
</connecteds>
<connecteds>
Hy-mophilum	w5800
</connecteds>
<connecteds>
<g/>
-	w5801
<g/>
</connecteds>
<connecteds>
in	w5802
</connecteds>
<connecteds>
qua	w5803
</connecteds>
<connecteds>
differitur	w5804
</connecteds>
<connecteds>
de	w5805
</connecteds>
<connecteds>
Hymno-rum	w5806
</connecteds>
<connecteds>
<g/>
-	w5807
<g/>
</connecteds>
<connecteds>
definitione	w5808
</connecteds>
<connecteds>
<g/>
,	w5809
<g/>
</connecteds>
<connecteds>
divisione	w5810
</connecteds>
<connecteds>
<g/>
,	w5811
<g/>
</connecteds>
<connecteds>
origine	w5812
</connecteds>
<connecteds>
<g/>
,	w5813
<g/>
</connecteds>
<connecteds>
au-ctoribus	w5814
</connecteds>
<connecteds>
<g/>
-	w5815
<g/>
</connecteds>
<connecteds>
&c	w5816
</connecteds>
<connecteds>
<g/>
.	w5817
<g/>
</connecteds>
<connecteds>
Auctore	w5818
</connecteds>
<connecteds>
A	w5819
</connecteds>
<connecteds>
<g/>
.	w5820
<g/>
</connecteds>
<connecteds>
R	w5821
</connecteds>
<connecteds>
<g/>
.	w5822
<g/>
</connecteds>
<connecteds>
D	w5823
</connecteds>
<connecteds>
<g/>
.	w5824
<g/>
</connecteds>
<connecteds>
P	w5825
</connecteds>
<connecteds>
Traut-wein	w5826
</connecteds>
<connecteds>
<g/>
-	w5827
<g/>
</connecteds>
<connecteds>
Can	w5828
</connecteds>
<connecteds>
<g/>
.	w5829
<g/>
</connecteds>
<connecteds>
Reg	w5830
</connecteds>
<connecteds>
<g/>
.	w5831
<g/>
</connecteds>
<connecteds>
8vo	w5832
</connecteds>
<connecteds>
<g/>
,	w5833
<g/>
</connecteds>
<connecteds>
Ulmæ Ulmae	w5834
</connecteds>
<connecteds>
<g/>
,	w5835
<g/>
</connecteds>
<connecteds>
1739	w5836
</connecteds>
<connecteds>
per	w5837
</connecteds>
<connecteds>
24	w5838
</connecteds>
<connecteds>
<g/>
.	w5839
<g/>
</connecteds>
<connecteds>
cr	w5840
</connecteds>
<connecteds>
<g/>
.	w5841
<g/>
</connecteds>
<connecteds>
Libellus	w5842
</connecteds>
<connecteds>
Precatorius	w5843
</connecteds>
<connecteds>
ex	w5844
</connecteds>
<connecteds>
variis	w5845
</connecteds>
<connecteds>
variorum	w5846
</connecteds>
<connecteds>
pietatis	w5847
</connecteds>
<connecteds>
Exercitiis	w5848
</connecteds>
<connecteds>
collectus	w5849
</connecteds>
<connecteds>
<g/>
,	w5850
<g/>
</connecteds>
<connecteds>
in	w5851
</connecteds>
<connecteds>
magno	w5852
</connecteds>
<connecteds>
Typo	w5853
</connecteds>
<connecteds>
8vo	w5854
</connecteds>
<connecteds>
per	w5855
</connecteds>
<connecteds>
51	w5856
</connecteds>
<connecteds>
<g/>
.	w5857
<g/>
</connecteds>
<connecteds>
cr	w5858
</connecteds>
<connecteds>
<g/>
.	w5859
<g/>
</connecteds>
</list>
<p id="p59">
Bey	w5860
<connecteds>
Frantz	w5861
</connecteds>
<connecteds>
Wolfgang	w5862
</connecteds>
<connecteds>
Keßler	w5863
</connecteds>
<connecteds>
<g/>
/	w5864
<g/>
</connecteds>
<connecteds>
Burgerl	w5865
</connecteds>
<connecteds>
<g/>
.	w5866
<g/>
</connecteds>
<connecteds>
Buchbindern	w5867
</connecteds>
<connecteds>
hinter	w5868
</connecteds>
<connecteds>
dem	w5869
</connecteds>
<connecteds>
Hohen	w5870
</connecteds>
<connecteds>
Mark	w5871
</connecteds>
<connecteds>
bey	w5872
</connecteds>
<connecteds>
de=nen	w5873
</connecteds>
<connecteds>
<g/>
=	w5874
<g/>
</connecteds>
<connecteds>
3	w5875
</connecteds>
<connecteds>
<g/>
.	w5876
<g/>
</connecteds>
<connecteds>
weissen	w5877
</connecteds>
<connecteds>
Lilten	w5878
</connecteds>
<connecteds>
im	w5879
</connecteds>
<connecteds>
1ten	w5880
</connecteds>
<connecteds>
Stok	w5881
</connecteds>
<connecteds>
im	w5882
</connecteds>
<connecteds>
Hof	w5883
</connecteds>
<connecteds>
ist	w5884
</connecteds>
<connecteds>
zu	w5885
</connecteds>
<connecteds>
haben	w5886
</connecteds>
<connecteds>
<g/>
:	w5887
<g/>
</connecteds>
</p>
<p id="p60">
Neuer	w5888
<connecteds>
curioser	w5889
</connecteds>
<connecteds>
Hand	w5890
</connecteds>
<connecteds>
<g/>
=	w5891
<g/>
</connecteds>
<connecteds>
und	w5892
</connecteds>
<connecteds>
Sak	w5893
</connecteds>
<connecteds>
<g/>
=	w5894
<g/>
</connecteds>
<connecteds>
Calender	w5895
</connecteds>
<connecteds>
auf	w5896
</connecteds>
<connecteds>
das	w5897
</connecteds>
<connecteds>
1740ste	w5898
</connecteds>
<connecteds>
Jahr	w5899
</connecteds>
<connecteds>
<g/>
/	w5900
<g/>
</connecteds>
<connecteds>
mit	w5901
</connecteds>
<connecteds>
lustigen	w5902
</connecteds>
<connecteds>
<g/>
/	w5903
<g/>
</connecteds>
<connecteds>
und	w5904
</connecteds>
<connecteds>
Lehrreichen	w5905
</connecteds>
<connecteds>
Historien	w5906
</connecteds>
<connecteds>
<g/>
/	w5907
<g/>
</connecteds>
<connecteds>
auf	w5908
</connecteds>
<connecteds>
jedes	w5909
</connecteds>
<connecteds>
Monat	w5910
</connecteds>
<connecteds>
<g/>
/	w5911
<g/>
</connecteds>
<connecteds>
mit	w5912
</connecteds>
<connecteds>
Küpferlein	w5913
</connecteds>
<connecteds>
gezieret	w5914
</connecteds>
<connecteds>
<g/>
/	w5915
<g/>
</connecteds>
<connecteds>
nedst	w5916
</connecteds>
<connecteds>
beygefügten	w5917
</connecteds>
<connecteds>
Wurf	w5918
</connecteds>
<connecteds>
<g/>
=	w5919
<g/>
</connecteds>
<connecteds>
und	w5920
</connecteds>
<connecteds>
Jnteresse	w5921
</connecteds>
<connecteds>
<g/>
=	w5922
<g/>
</connecteds>
<connecteds>
Tabeln	w5923
</connecteds>
<connecteds>
<g/>
/	w5924
<g/>
</connecteds>
<connecteds>
Gerichts	w5925
</connecteds>
<connecteds>
<g/>
=	w5926
<g/>
</connecteds>
<connecteds>
Ferien	w5927
</connecteds>
<connecteds>
<g/>
/	w5928
<g/>
</connecteds>
<connecteds>
Post	w5929
</connecteds>
<connecteds>
<g/>
=	w5930
<g/>
</connecteds>
<connecteds>
und	w5931
</connecteds>
<connecteds>
Sperr	w5932
</connecteds>
<connecteds>
Ordnug	w5933
</connecteds>
<connecteds>
in	w5934
</connecteds>
<connecteds>
16to	w5935
</connecteds>
<connecteds>
ungebun=dener	w5936
</connecteds>
<connecteds>
<g/>
=	w5937
<g/>
</connecteds>
<connecteds>
pr	w5938
</connecteds>
<connecteds>
<g/>
.	w5939
<g/>
</connecteds>
<connecteds>
9	w5940
</connecteds>
<connecteds>
<g/>
.	w5941
<g/>
</connecteds>
<connecteds>
kr	w5942
</connecteds>
<connecteds>
<g/>
/	w5943
<g/>
</connecteds>
<connecteds>
ordin	w5944
</connecteds>
<connecteds>
<g/>
.	w5945
<g/>
</connecteds>
<connecteds>
gebundener	w5946
</connecteds>
<connecteds>
à	w5947
</connecteds>
<connecteds>
14	w5948
</connecteds>
<connecteds>
<g/>
.	w5949
<g/>
</connecteds>
<connecteds>
kr	w5950
</connecteds>
<connecteds>
<g/>
.	w5951
<g/>
</connecteds>
<connecteds>
<g/>
/	w5952
<g/>
</connecteds>
<connecteds>
sauber	w5953
</connecteds>
<connecteds>
pr	w5954
</connecteds>
<connecteds>
<g/>
.	w5955
<g/>
</connecteds>
<connecteds>
24	w5956
</connecteds>
<connecteds>
kr	w5957
</connecteds>
<connecteds>
<g/>
.	w5958
<g/>
</connecteds>
<connecteds>
<g/>
/	w5959
<g/>
</connecteds>
<connecteds>
mit	w5960
</connecteds>
<connecteds>
einer	w5961
</connecteds>
<connecteds>
Schreib	w5962
</connecteds>
<connecteds>
<g/>
=	w5963
<g/>
</connecteds>
<connecteds>
Tafel	w5964
</connecteds>
<connecteds>
<g/>
/	w5965
<g/>
</connecteds>
<connecteds>
und	w5966
</connecteds>
<connecteds>
Steften	w5967
</connecteds>
<connecteds>
à	w5968
</connecteds>
<connecteds>
34	w5969
</connecteds>
<connecteds>
<g/>
.	w5970
<g/>
</connecteds>
<connecteds>
kr	w5971
</connecteds>
<connecteds>
<g/>
.	w5972
<g/>
</connecteds>
</p>
</doc>
